Campanha	Parcela	Armadilha	Ponto_filtro	Ponto	MSFA_s	MSFB_s	MSFC_s	Massa	ChAb	ChAb	ChAb	Chao	CeFch	CeFch	CeFch	Ceu	CntCau	CntCau	CntCau	Caules	BurCh	Cupim	Distancia	Circunferencia	Tronco
47	BT	1	0	BT0	0.7	7.6	5.2	4.5	11	17	22	16.66666667	0	0	0	0	15	19	11	15	0	1	5.6	20	0
47	BT	2	1	BT1	16.8	6.7	7.6	10.36666667	0	18	3	7	0	0	0	0	10	13	10	11	0	2	0.3	6.7	1
47	BT	3	1	BT1	54.4	7.3	6.2	22.63333333	7	11	11	9.666666667	0	0	0	0	13	7	25	15	0	1	6.5	28	2
47	BT	4	2	BT2	17	23.1	12.5	17.53333333	1	4	0	1.666666667	0	0	0	0	8	71	15	31.33333333	0	1	5.9	32	2
47	BT	5	2	BT2	13.3	8.4	26.9	16.2	4	2	14	6.666666667	0	0	0	0	17	27	20	21.33333333	0	0	4.5	21	3
47	BT	6	3	BT3	4.8	44.5	3.9	17.73333333	6	10	1	5.666666667	0	0	0	0	15	27	20	20.66666667	0	0	5.2	29	4
47	BT	7	3	BT3	21.5	9	6.4	12.3	0	5	0	1.666666667	0	0	0	0	13	14	24	17	0	3	4.2	40	2
47	BT	8	4	BT4	4.1	19.8	4.4	9.433333333	7	3	4	4.666666667	0	0	0	0	12	12	5	9.666666667	0	1	3.1	20	4
47	BT	9	4	BT4	12.3	7.3	1.6	7.066666667	21	1	4	8.666666667	0	0	0	0	8	19	26	17.66666667	0	2	8.75	34	3
47	BT	10	0	BT0	12.1	49.2	12.1	24.46666667	4	2	7	4.333333333	0	0	0	0	17	15	29	20.33333333	0	0	12.6	43	8
47	Q	11	0	Q0	125	36.4	85.2	82.2	0	0	4	1.333333333	12	0	0	4	23	28	25	25.33333333	0	0	1.1	65	4
47	Q	12	1	Q1	54.5	41.4	60	51.96666667	22	4	17	14.33333333	0	10	0	3.333333333	33	24	14	23.66666667	1	2	2.55	23	1
47	Q	13	1	Q1	42.9	37.5	65.6	48.66666667	15	1	0	5.333333333	2	1	0	1	15	21	26	20.66666667	1	0	3.95	25	0
47	Q	14	2	Q2	39.3	61.4	108	69.56666667	20	0	2	7.333333333	0	0	0	0	14	21	13	16	0	2	2.96	48.8	1
47	Q	15	2	Q2	63.5	96.5	43.5	67.83333333	1	22	0	7.666666667	1	2	0	1	17	28	27	24	0	1	1.75	34.2	2
47	Q	16	3	Q3	44	60	55.2	53.06666667	23	5	16	14.66666667	0	0	0	0	20	22	13	18.33333333	0	3	1.45	56.1	1
47	Q	17	3	Q3	54	28.8	58.8	47.2	0	0	9	3	23	0	0	7.666666667	23	24	28	25	0	0	2.3	37	4
47	Q	18	4	Q4	39.5	33.1	65.2	45.93333333	19	1	0	6.666666667	0	0	0	0	17	16	44	25.66666667	0	0	2.8	34	2
47	Q	19	4	Q4	36.6	42.8	36.8	38.73333333	20	19	6	15	0	0	0	0	5	12	29	15.33333333	0	3	5.9	30	2
47	Q	20	0	Q0	62.6	39.6	15.9	39.36666667	22	23	2	15.66666667	6	0	0	2	20	28	20	22.66666667	0	0	1.55	21	3
47	BP	21	0	BP0	80.2	59.2	74.8	71.4	4	14	0	6	2	0	3	1.666666667	11	9	13	11	1	1	2.75	26	3
47	BP	22	1	BP1	87.5	46.8	50.6	61.63333333	3	7	9	6.333333333	2	7	0	3	17	14	16	15.66666667	1	1	3.8	30	2
47	BP	23	1	BP1	59.3	77.1	59.1	65.16666667	6	0	1	2.333333333	0	0	0	0	9	14	12	11.66666667	0	1	1.2	31	1
47	BP	24	2	BP2	45.1	50.2	88.8	61.36666667	4	0	21	8.333333333	0	0	0	0	12	15	13	13.33333333	0	1	5.35	38.1	1
47	BP	25	2	BP2	134	101	63.3	99.43333333	6	10	1	5.666666667	12	6	0	6	16	23	14	17.66666667	0	1	5.9	20	1
47	BP	26	3	BP3	46.9	37.9	28.9	37.9	14	6	5	8.333333333	0	2	0	0.666666667	19	16	16	17	1	0	3	51	4
47	BP	27	3	BP3	40.7	70.6	66.4	59.23333333	17	9	0	8.666666667	0	0	1	0.333333333	9	19	14	14	0	1	3.5	26	9
47	BP	28	4	BP4	58.8	85.2	69.8	71.26666667	23	4	14	13.66666667	1	12	13	8.666666667	13	7	6	8.666666667	0	3	3.57	66	3
47	BP	29	4	BP4	50.6	105.2	137	97.6	23	23	0	15.33333333	1	0	19	6.666666667	11	7	7	8.333333333	0	2	2.8	39	1
47	BP	30	0	BP0	147.2	68.9	141.7	119.2666667	8	4	24	12	0	1	2	1	21	24	17	20.66666667	1	3	0.7	38.8	7
47	BM	31	0	BM0	9.9	11	15.5	12.13333333	18	19	12	16.33333333	4	0	0	1.333333333	26	10	9	15	0	1	3.5	38	4
47	BM	32	1	BM1	7	8.4	31.6	15.66666667	7	24	12	14.33333333	0	0	0	0	20	17	14	17	1	1	2.65	22	2
47	BM	33	1	BM1	11.3	22.8	4.6	12.9	8	3	22	11	0	0	0	0	9	25	36	23.33333333	2	5	4.4	30	1
47	BM	34	2	BM2	59.6	14.7	5.7	26.66666667	24	23	22	23	0	0	0	0	14	11	2	9	2	0	2.4	30	1
47	BM	35	2	BM2	22.4	4.2	19.4	15.33333333	6	24	8	12.66666667	0	0	5	1.666666667	7	7	24	12.66666667	0	0	3.25	25	5
47	BM	36	3	BM3	9.8	9.8	16	11.86666667	14	22	22	19.33333333	3	0	0	1	25	16	11	17.33333333	0	1	2.74	21	3
47	BM	37	3	BM3	76.8	12.9	34.2	41.3	12	11	13	12	0	0	0	0	14	14	7	11.66666667	1	1	1.75	43.3	7
47	BM	38	4	BM4	37.2	9.8	13.2	20.06666667	11	5	10	8.666666667	0	0	0	0	26	22	15	21	1	1	5.75	58	2
47	BM	39	4	BM4	29.8	18.4	30.2	26.13333333	15	8	3	8.666666667	0	3	0	1	11	12	24	15.66666667	1	2	3.35	41	7
47	BM	40	0	BM0	13.2	14.8	19.5	15.83333333	10	13	10	11	0	0	2	0.666666667	14	19	7	13.33333333	0	2	1	43	11
47	C	41	0	C0	92.2	120.6	29.5	80.76666667	22	25	18	21.66666667	0	0	8	2.666666667	7	8	11	8.666666667	2	4	1.6	20	3
47	C	42	1	C1	302.5	209.8	207.5	239.9333333	0	25	1	8.666666667	6	0	2	2.666666667	29	19	10	19.33333333	1	4	4.39	25	20
47	C	43	1	C1	58.5	182.7	240.1	160.4333333	7	25	0	10.66666667	7	0	25	10.66666667	16	20	15	17	0	0	1.9	24	20
47	C	44	2	C2	133.2	237.5	128.5	166.4	9	24	0	11	2	2	4	2.666666667	15	8	10	11	1	3	1.2	21	21
47	C	45	2	C2	190.5	166.5	160.7	172.5666667	0	9	0	3	7	20	6	11	20	14	14	16	0	4	2.2	32	6
47	C	46	3	C3	81.2	186.9	101.7	123.2666667	9	0	15	8	10	0	3	4.333333333	12	8	18	12.66666667	0	10	2.6	23	12
47	C	47	3	C3	238.8	223.6	152.6	205	5	7	0	4	25	0	11	12	11	18	10	13	1	2	4.5	37	16
47	C	48	4	C4	195.2	237.7	221.8	218.2333333	0	3	7	3.333333333	21	11	19	17	18	12	11	13.66666667	1	6	1	26	11
47	C	49	4	C4	71.8	106.8	147.1	108.5666667	11	22	7	13.33333333	3	5	5	4.333333333	13	18	9	13.33333333	0	0	2.2	24	6
47	C	50	0	C0	122.5	65.8	89.7	92.66666667	18	1	25	14.66666667	0	11	5	5.333333333	20	11	13	14.66666667	1	0	70	50	6
48	BT	1	0	BT0	6.4	35.6	20.7	20.9	8	1	9	6	0	0	0	0	14	22	12	16	2	0	8.8	24	0
48	BT	2	1	BT1	52.6	36.8	26	38.46666667	5	1	6	4	0	0	0	0	10	29	13	17.33333333	1	3	6.6	32	5
48	BT	3	1	BT1	7.8	10.5	11.9	10.06666667	6	9	0	5	0	0	0	0	15	10	13	12.66666667	0	2	6.13	24	3
48	BT	4	2	BT2	45.5	66.7	10.7	40.96666667	23	18	5	15.33333333	2	0	0	0.666666667	22	11	21	18	0	0	5.6	20	2
48	BT	5	2	BT2	14.7	16.2	24	18.3	22	18	23	21	0	0	0	0	16	15	10	13.66666667	0	0	4.55	25	2
48	BT	6	3	BT3	82	36.7	17	45.23333333	10	20	0	10	0	0	4	1.333333333	34	21	26	27	0	0	5.2	31	6
48	BT	7	3	BT3	34.3	23	2.7	20	3	0	2	1.666666667	0	0	14	4.666666667	18	15	22	18.33333333	1	2	2.8	22	3
48	BT	8	4	BT4	59.1	5.4	1.6	22.03333333	0	4	5	3	0	0	0	0	20	4	17	13.66666667	0	1	2.3	20	3
48	BT	9	4	BT4	12.1	0.2	60.2	24.16666667	7	10	11	9.333333333	0	0	0	0	28	16	31	25	0	1	8.68	33	4
48	BT	10	0	BT0	38.5	34.9	32.9	35.43333333	1	15	2	6	0	0	0	0	21	22	30	24.33333333	0	0	14.5	30	3
48	Q	11	0	Q0	23.6	93	84.8	67.13333333	3	0	3	2	0	0	0	0	19	11	35	21.66666667	0	0	1.1	38	10
48	Q	12	1	Q1	72.1	114.7	91.2	92.66666667	8	9	0	5.666666667	0	0	0	0	22	22	20	21.33333333	0	1	2.4	20	2
48	Q	13	1	Q1	118.1	106.9	84	103	0	2	11	4.333333333	0	0	0	0	41	19	16	25.33333333	0	1	3.7	25	3
48	Q	14	2	Q2	117.4	59	45	73.8	12	23	3	12.66666667	10	0	0	3.333333333	20	23	18	20.33333333	0	2	2.7	45	2
48	Q	15	2	Q2	158.7	56.4	52.2	89.1	0	11	14	8.333333333	0	1	0	0.333333333	26	19	43	29.33333333	0	1	1.8	34	1
48	Q	16	3	Q3	47.8	47.5	40.9	45.4	3	10	19	10.66666667	0	0	0	0	18	40	16	24.66666667	0	3	1.5	20	3
48	Q	17	3	Q3	22.7	182.7	162.2	122.5333333	25	6	3	11.33333333	4	20	3	9	11	16	18	15	0	1	2.34	49	2
48	Q	18	4	Q4	63.8	88	60.1	70.63333333	4	19	6	9.666666667	0	0	1	0.333333333	27	18	34	26.33333333	1	0	2.7	35	0
48	Q	19	4	Q4	46	64.6	67.3	59.3	4	9	3	5.333333333	0	0	0	0	23	27	19	23	2	2	5.8	30	3
48	Q	20	0	Q0	39.8	118.5	68.8	75.7	13	6	12	10.33333333	0	4	1	1.666666667	18	33	18	23	0	2	1.5	21	3
48	BP	21	0	BP0	184.4	156.8	73.7	138.3	15	4	6	8.333333333	5	0	0	1.666666667	21	14	24	19.66666667	2	1	2.1	27	2
48	BP	22	1	BP1	88.8	128.4	80.8	99.33333333	2	6	7	5	3	8	4	5	17	30	20	22.33333333	0	1	1.85	20	1
48	BP	23	1	BP1	82.4	90.2	138.1	103.5666667	23	14	13	16.66666667	0	0	0	0	20	12	21	17.66666667	1	4	1	22	1
48	BP	24	2	BP2	104.5	52.1	52.6	69.73333333	23	18	22	21	0	0	0	0	26	12	21	19.66666667	1	1	1	20	0
48	BP	25	2	BP2	93.5	285.6	91.1	156.7333333	7	14	4	8.333333333	0	1	4	1.666666667	18	22	10	16.66666667	2	0	2.6	21	2
48	BP	26	3	BP3	90.8	115.9	72.4	93.03333333	15	19	22	18.66666667	7	0	0	2.333333333	18	42	19	26.33333333	0	0	3.52	28	5
48	BP	27	3	BP3	138	79.8	109.5	109.1	18	18	24	20	0	0	0	0	16	19	24	19.66666667	0	0	1.6	20	2
48	BP	28	4	BP4	69.2	295	125.2	163.1333333	18	3	1	7.333333333	0	24	1	8.333333333	14	19	11	14.66666667	2	3	3.6	37	1
48	BP	29	4	BP4	132.9	36.8	83.5	84.4	25	12	22	19.66666667	0	5	0	1.666666667	14	8	16	12.66666667	0	2	2.65	20	1
48	BP	30	0	BP0	186.2	113.3	77.1	125.5333333	25	20	17	20.66666667	0	0	0	0	12	19	15	15.33333333	1	2	0.56	38	7
48	BM	31	0	BM0	2.8	7.6	23.5	11.3	23	12	23	19.33333333	3	0	0	1	30	17	25	24	0	3	3.1	40	5
48	BM	32	1	BM1	10.9	14.9	3.8	9.866666667	24	18	24	22	0	0	0	0	19	18	25	20.66666667	0	1	2.5	28	3
48	BM	33	1	BM1	21.9	30.1	15.7	22.56666667	24	17	7	16	0	0	3	1	13	14	13	13.33333333	1	5	5.8	44	6
48	BM	34	2	BM2	41.3	9.6	4.2	18.36666667	20	21	24	21.66666667	0	1	0	0.333333333	32	15	10	19	2	4	2.3	28	5
48	BM	35	2	BM2	77.2	4.3	12.9	31.46666667	18	22	5	15	0	0	1	0.333333333	21	10	21	17.33333333	0	0	3	28	1
48	BM	36	3	BM3	17.1	25.6	38.3	27	22	16	10	16	4	0	2	2	28	27	25	26.66666667	0	1	2.5	53	1
48	BM	37	3	BM3	53.7	12.7	15.1	27.16666667	17	14	21	17.33333333	1	0	0	0.333333333	18	22	21	20.33333333	0	2	1.8	46	4
48	BM	38	4	BM4	4.6	33.9	44.7	27.73333333	20	24	18	20.66666667	0	0	0	0	21	14	16	17	1	1	4.6	24	3
48	BM	39	4	BM4	35.6	29.2	32.8	32.53333333	16	24	24	21.33333333	0	0	1	0.333333333	21	27	26	24.66666667	1	3	3.3	39	4
48	BM	40	0	BM0	44.9	45.8	17.3	36	19	24	18	20.33333333	0	0	0	0	20	12	11	14.33333333	0	2	1	42	1
48	C	41	0	C0	78.9	168.3	97	114.7333333	13	4	24	13.66666667	2	0	0	0.666666667	9	13	12	11.33333333	1	3	1.4	20	1
48	C	42	1	C1	268.1	136.4	297.5	234	22	0	25	15.66666667	0	4	0	1.333333333	20	9	32	20.33333333	1	4	4.75	24	5
48	C	43	1	C1	163.9	166	334.4	221.4333333	23	0	2	8.333333333	3	8	18	9.666666667	10	15	13	12.66666667	2	2	1.75	23	4
48	C	44	2	C2	171.3	294.6	325.8	263.9	18	14	6	12.66666667	0	12	6	6	17	5	8	10	0	2	2	23	4
48	C	45	2	C2	75.8	85.8	122.2	94.6	3	13	0	5.333333333	25	14	9	16	13	12	21	15.33333333	0	3	2.5	38	2
48	C	46	3	C3	280.1	255.8	74.7	203.5333333	19	18	17	18	0	1	0	0.333333333	14	11	9	11.33333333	2	6	2.65	24	1
48	C	47	3	C3	237.4	209.3	246.7	231.1333333	6	25	10	13.66666667	0	3	4	2.333333333	11	9	12	10.66666667	3	1	3.3	34	1
48	C	48	4	C4	108	158.3	178.3	148.2	0	1	1	0.666666667	6	5	24	11.66666667	10	11	7	9.333333333	1	5	0.95	27	4
48	C	49	4	C4	216	202	257.6	225.2	4	16	9	9.666666667	2	14	2	6	15	11	7	11	0	2	1.7	20	1
48	C	50	0	C0	172.1	318.5	169.3	219.9666667	0	4	1	1.666666667	5	1	5	3.666666667	19	11	10	13.33333333	1	1	0.45	38	1
49	BT	1	0	BT0	25.9	4	19.3	16.4	2	16	13	10.33333333	0	2	0	0.666666667	15	27	30	24	0	1	11.96	57	0
49	BT	2	1	BT1	9.8	16	7.2	11	2	13	9	8	0	0	0	0	10	15	5	10	0	1	8.69	32	1
49	BT	3	1	BT1	16.8	5.6	3.5	8.633333333	2	14	15	10.33333333	0	0	0	0	11	12	26	16.33333333	0	1	6.09	26	2
49	BT	4	2	BT2	26.4	12.9	1.6	13.63333333	15	24	20	19.66666667	0	0	0	0	16	29	20	21.66666667	0	0	5.9	31	4
49	BT	5	2	BT2	8	1.6	20.4	10	15	8	19	14	0	0	0	0	19	17	10	15.33333333	1	1	4.55	23	2
49	BT	6	3	BT3	63.2	13.7	3.5	26.8	7	14	2	7.666666667	6	0	0	2	22	29	22	24.33333333	0	0	5.35	27	2
49	BT	7	3	BT3	10	21.5	7.6	13.03333333	0	13	19	10.66666667	0	12	0	4	13	18	9	13.33333333	1	3	3.7	36	1
49	BT	8	4	BT4	31.3	13.3	7.5	17.36666667	19	3	18	13.33333333	0	0	0	0	22	5	24	17	0	1	3.2	22	2
49	BT	9	4	BT4	4.8	17.7	7.3	9.933333333	13	3	15	10.33333333	0	1	0	0.333333333	8	20	10	12.66666667	0	1	8.75	34	2
49	BT	10	0	BT0	10.6	39.6	3.8	18	17	21	9	15.66666667	0	0	0	0	29	22	19	23.33333333	0	1	14.45	27	3
49	Q	11	0	Q0	42.3	48.1	30.4	40.26666667	1	6	9	5.333333333	0	0	0	0	18	27	7	17.33333333	0	0	1.1	37	8
49	Q	12	1	Q1	51.3	24	34.5	36.6	7	19	17	14.33333333	0	4	0	1.333333333	18	8	23	16.33333333	0	2	4.35	26	6
49	Q	13	1	Q1	131.7	25.1	95.1	83.96666667	13	3	9	8.333333333	0	0	3	1	13	27	32	24	0	1	3.95	27	7
49	Q	14	2	Q2	94.4	67.4	95.4	85.73333333	3	0	5	2.666666667	0	0	0	0	26	21	23	23.33333333	0	2	2.7	55	4
49	Q	15	2	Q2	38.8	135.9	84.6	86.43333333	7	11	0	6	0	0	0	0	15	28	26	23	1	0	1.8	35	2
49	Q	16	3	Q3	37.3	42.6	67.5	49.13333333	21	3	21	15	0	0	0	0	11	18	18	15.66666667	1	1	1.86	23	4
49	Q	17	3	Q3	26.8	70.6	129.7	75.7	8	2	14	8	8	0	0	2.666666667	19	15	26	20	1	0	2.9	33	6
49	Q	18	4	Q4	36	59.9	52.6	49.5	11	18	8	12.33333333	0	0	0	0	30	20	35	28.33333333	0	0	2.57	34	4
49	Q	19	4	Q4	98.8	43.5	44.7	62.33333333	0	10	3	4.333333333	2	0	0	0.666666667	27	19	37	27.66666667	1	1	5.9	32	9
49	Q	20	0	Q0	108.2	69.1	14.5	63.93333333	3	17	4	8	0	0	2	0.666666667	36	17	15	22.66666667	0	1	1.68	21	9
49	BP	21	0	BP0	88.3	63	113.9	88.4	6	11	0	5.666666667	2	0	20	7.333333333	30	25	18	24.33333333	0	2	2.65	26	3
49	BP	22	1	BP1	25.1	152	39.1	72.06666667	1	12	0	4.333333333	0	4	5	3	20	23	15	19.33333333	0	1	3.9	30	3
49	BP	23	1	BP1	48.7	140	99.5	96.06666667	0	0	3	1	1	0	0	0.333333333	8	16	26	16.66666667	1	2	1.08	32	2
49	BP	24	2	BP2	72.3	122.2	66.6	87.03333333	5	1	1	2.333333333	1	0	4	1.666666667	8	24	16	16	0	1	5.2	37	0
49	BP	25	2	BP2	68.6	298.1	102.9	156.5333333	0	4	23	9	0	9	9	6	7	23	12	14	0	1	2.8	21	2
49	BP	26	3	BP3	73.5	91.3	95	86.6	16	4	13	11	1	0	0	0.333333333	18	14	22	18	0	0	2.9	21	3
49	BP	27	3	BP3	86.8	131	113.7	110.5	21	5	12	12.66666667	0	0	1	0.333333333	10	23	21	18	0	0	3.5	29	0
49	BP	28	4	BP4	118.5	95.4	46	86.63333333	20	3	12	11.66666667	4	3	2	3	13	9	22	14.66666667	0	3	3.7	36	0
49	BP	29	4	BP4	162.2	121.7	51.9	111.9333333	16	1	9	8.666666667	7	0	3	3.333333333	8	8	14	10	1	2	3.07	23	0
49	BP	30	0	BP0	72.9	244.2	26.8	114.6333333	3	1	23	9	2	6	2	3.333333333	14	17	14	15	2	2	0.68	41	6
49	BM	31	0	BM0	3.6	23.9	52.4	26.63333333	23	20	10	17.66666667	0	13	0	4.333333333	23	32	19	24.66666667	0	4	3.3	40	6
49	BM	32	1	BM1	19.3	52.3	29.5	33.7	5	20	20	15	0	0	0	0	14	29	34	25.66666667	2	0	5.2	37	1
49	BM	33	1	BM1	16.4	62.2	22.2	33.6	10	22	19	17	0	0	0	0	23	22	26	23.66666667	1	5	5.6	26	5
49	BM	34	2	BM2	40	40.5	24	34.83333333	14	12	13	13	1	0	1	0.666666667	34	37	31	34	3	4	2.3	27	1
49	BM	35	2	BM2	22.2	34.7	25.3	27.4	10	12	5	9	0	0	0	0	10	11	24	15	0	1	2.98	31	1
49	BM	36	3	BM3	15.4	15.8	29.7	20.3	11	10	9	10	0	0	0	0	18	17	22	19	0	1	2.75	54	1
49	BM	37	3	BM3	15.1	76.9	35.8	42.6	3	7	7	5.666666667	0	0	4	1.333333333	23	17	26	22	0	1	1.6	45	3
49	BM	38	4	BM4	31.6	48.8	10	30.13333333	2	6	10	6	0	0	0	0	17	24	10	17	2	1	7.65	45	2
49	BM	39	4	BM4	58.5	56.4	38.5	51.13333333	9	0	16	8.333333333	6	0	0	2	32	34	17	27.66666667	2	1	3.25	42	2
49	BM	40	0	BM0	34.3	46	11.2	30.5	11	20	4	11.66666667	1	0	5	2	23	12	20	18.33333333	0	1	1.1	42	3
49	C	41	0	C0	69.9	80.1	31.5	60.5	20	0	0	6.666666667	3	6	3	4	6	6	6	6	3	4	1.5	20	0
49	C	42	1	C1	118.9	168.2	150.8	145.9666667	2	0	7	3	2	5	0	2.333333333	12	17	14	14.33333333	2	4	4.55	25	7
49	C	43	1	C1	94.7	83.5	187.7	121.9666667	7	8	0	5	9	10	11	10	14	10	5	9.666666667	0	0	1.3	25	10
49	C	44	2	C2	27.7	194.7	226.3	149.5666667	24	11	8	14.33333333	0	1	3	1.333333333	11	6	12	9.666666667	2	2	2.5	30	12
49	C	45	2	C2	108.2	179.8	205	164.3333333	1	0	1	0.666666667	19	2	25	15.33333333	21	23	18	20.66666667	0	3	2.15	23	4
49	C	46	3	C3	114.1	183.6	237.7	178.4666667	4	9	0	4.333333333	0	0	2	0.666666667	14	9	28	17	0	6	2.75	28	4
49	C	47	3	C3	239.4	184.2	94.8	172.8	0	2	6	2.666666667	1	0	20	7	15	10	12	12.33333333	3	3	2.95	23	10
49	C	48	4	C4	186.5	131.9	160.7	159.7	0	0	0	0	24	4	16	14.66666667	7	11	15	11	0	4	1.18	33	3
49	C	49	4	C4	128.3	280.7	119.9	176.3	2	5	3	3.333333333	0	3	18	7	9	18	27	18	1	1	5.43	57	9
49	C	50	0	C0	145.4	134.8	77.8	119.3333333	0	1	15	5.333333333	16	17	0	11	16	13	26	18.33333333	1	1	0.71	43	4
50	BT	1	0	BT0	1.2	9.6	0.8	3.866666667	4	0	5	3	0	0	0	0	2	18	5	8.333333333	0	1	8.72	23	0
50	BT	2	1	BT1	26.2	14.2	23.8	21.4	1	8	3	4	1	0	0	0.333333333	32	20	8	20	0	2	6.5	30	0
50	BT	3	1	BT1	42.5	17.1	4.3	21.3	1	4	6	3.666666667	0	0	0	0	7	21	9	12.33333333	0	1	6.4	30	2
50	BT	4	2	BT2	19.3	32.5	24.1	25.3	1	14	0	5	3	0	0	1	16	6	16	12.66666667	1	0	5.87	31	2
50	BT	5	2	BT2	18.6	32.1	17.3	22.66666667	5	2	10	5.666666667	0	0	0	0	25	26	10	20.33333333	0	0	4.5	20	3
50	BT	6	3	BT3	9.5	13.3	9.6	10.8	2	0	0	0.666666667	0	0	0	0	29	19	11	19.66666667	0	0	5	30	3
50	BT	7	3	BT3	18.7	29.8	30.2	26.23333333	4	3	2	3	0	6	0	2	6	12	26	14.66666667	1	0	2.8	29	0
50	BT	8	4	BT4	7.9	21.2	14.6	14.56666667	10	1	2	4.333333333	0	0	0	0	13	26	19	19.33333333	0	1	3	22	2
50	BT	9	4	BT4	8.5	9.3	19.9	12.56666667	5	2	0	2.333333333	0	0	0	0	12	18	14	14.66666667	0	3	8.7	30	2
50	BT	10	0	BT0	45.4	32.4	32	36.6	8	1	0	3	0	0	0	0	14	8	19	13.66666667	0	0	14.1	27	3
50	Q	11	0	Q0	30.5	23.9	122.8	59.06666667	5	3	17	8.333333333	0	7	0	2.333333333	15	11	12	12.66666667	0	0	1	38	4
50	Q	12	1	Q1	44.9	43.4	19.8	36.03333333	13	20	4	12.33333333	0	0	0	0	19	13	11	14.33333333	0	1	4.3	28	2
50	Q	13	1	Q1	47	34.6	31.5	37.7	18	8	10	12	0	0	0	0	8	23	14	15	0	1	4.63	59	0
50	Q	14	2	Q2	4.7	25	7.8	12.5	0	8	13	7	0	0	0	0	11	17	21	16.33333333	0	1	2.75	45	1
50	Q	15	2	Q2	21.7	44.3	52.1	39.36666667	6	3	2	3.666666667	1	0	3	1.333333333	14	13	19	15.33333333	0	0	1.8	35	2
50	Q	16	3	Q3	32.1	28.9	31.7	30.9	4	8	9	7	0	0	0	0	9	17	14	13.33333333	0	0	1.95	31	1
50	Q	17	3	Q3	141	58.4	39	79.46666667	0	11	0	3.666666667	20	2	17	13	24	9	19	17.33333333	0	1	2.65	52	2
50	Q	18	4	Q4	27.7	29.5	33.8	30.33333333	15	0	0	5	0	0	0	0	46	25	22	31	0	0	3.1	34	0
50	Q	19	4	Q4	82.5	20.6	31.4	44.83333333	4	0	5	3	0	0	0	0	5	17	20	14	0	1	5.3	43	1
50	Q	20	0	Q0	44.1	60.8	16.8	40.56666667	0	5	0	1.666666667	6	7	0	4.333333333	14	23	24	20.33333333	0	1	1.58	20	2
50	BP	21	0	BP0	49	81.3	148.8	93.03333333	0	13	14	9	5	0	2	2.333333333	23	23	20	22	2	1	2.5	26	1
50	BP	22	1	BP1	94.4	69.6	160	108	2	0	6	2.666666667	23	1	5	9.666666667	32	16	20	22.66666667	0	2	1.98	21.5	4
50	BP	23	1	BP1	32.3	30.5	36.3	33.03333333	3	3	18	8	5	0	0	1.666666667	16	12	3	10.33333333	2	2	1.17	24	2
50	BP	24	2	BP2	47.6	62.2	45.3	51.7	18	12	6	12	0	0	0	0	14	32	18	21.33333333	0	0	5.27	37	0
50	BP	25	2	BP2	118.8	131.6	27.4	92.6	20	1	23	14.66666667	1	11	4	5.333333333	26	10	7	14.33333333	0	1	2.8	21	2
50	BP	26	3	BP3	142.6	82	7.4	77.33333333	1	0	14	5	0	0	0	0	21	9	21	17	0	0	2.94	22.5	3
50	BP	27	3	BP3	48.8	15.9	25.9	30.2	25	5	4	11.33333333	0	1	0	0.333333333	10	23	32	21.66666667	0	0	3.48	25	1
50	BP	28	4	BP4	47.4	60.5	77.4	61.76666667	22	12	6	13.33333333	0	5	16	7	8	6	6	6.666666667	0	2	3.5	36	0
50	BP	29	4	BP4	33.8	153.5	276	154.4333333	24	0	5	9.666666667	7	0	4	3.666666667	16	24	5	15	1	2	2.9	50.5	0
50	BP	30	0	BP0	90.3	81.6	52.5	74.8	9	4	18	10.33333333	1	6	0	2.333333333	19	22	10	17	1	1	0.65	41	6
50	BM	31	0	BM0	24.6	4.4	19.6	16.2	7	7	22	12	1	0	0	0.333333333	24	21	26	23.66666667	0	2	3.2	40	3
50	BM	32	1	BM1	10.4	9.4	37.4	19.06666667	13	13	7	11	0	0	0	0	11	45	30	28.66666667	2	1	5.2	37	1
50	BM	33	1	BM1	17.6	32.1	28.5	26.06666667	12	21	12	15	0	0	0	0	29	16	28	24.33333333	1	2	5.8	36	4
50	BM	34	2	BM2	33.6	43.4	23.8	33.6	14	15	16	15	0	1	0	0.333333333	21	27	20	22.66666667	1	3	3.4	30	3
50	BM	35	2	BM2	3.3	23	20.4	15.56666667	11	14	8	11	0	0	0	0	9	18	22	16.33333333	0	1	2.98	30	2
50	BM	36	3	BM3	12.7	24.1	18.6	18.46666667	12	7	17	12	0	4	0	1.333333333	24	17	15	18.66666667	1	0	2.6	53	1
50	BM	37	3	BM3	39.5	25.6	61.9	42.33333333	13	8	15	12	4	1	0	1.666666667	13	15	47	25	0	2	1.8	48	1
50	BM	38	4	BM4	82.3	70.2	15.9	56.13333333	7	3	2	4	3	1	0	1.333333333	18	19	12	16.33333333	0	1	4.3	21	1
50	BM	39	4	BM4	35.2	45.5	11.8	30.83333333	16	7	20	14.33333333	2	7	0	3	25	24	16	21.66666667	2	1	1.6	20	1
50	BM	40	0	BM0	37.1	51.6	21.6	36.76666667	10	12	6	9.333333333	0	1	0	0.333333333	28	17	4	16.33333333	0	3	1	43	2
50	C	41	0	C0	47	58.9	54.6	53.5	22	6	16	14.66666667	2	0	0	0.666666667	3	8	18	9.666666667	0	3	2.08	23	1
50	C	42	1	C1	32.6	24.1	136.9	64.53333333	5	25	20	16.66666667	14	0	0	4.666666667	12	8	15	11.66666667	0	4	4.3	25	2
50	C	43	1	C1	93.1	52.1	67.6	70.93333333	8	22	2	10.66666667	25	7	16	16	17	9	8	11.33333333	0	1	2.25	30	3
50	C	44	2	C2	74.5	91.8	379.2	181.8333333	3	0	6	3	11	20	11	14	11	10	6	9	1	1	2.6	31	3
50	C	45	2	C2	95.5	138.1	105.8	113.1333333	0	2	13	5	22	13	16	17	7	7	15	9.666666667	0	3	2.3	32	3
50	C	46	3	C3	104.7	104.3	54.3	87.76666667	0	24	20	14.66666667	4	0	0	1.333333333	14	12	14	13.33333333	0	5	4.5	35	2
50	C	47	3	C3	124.3	278.8	29.6	144.2333333	23	0	0	7.666666667	7	14	5	8.666666667	9	6	11	8.666666667	3	1	3	33	0
50	C	48	4	C4	65.7	76	189.3	110.3333333	14	2	6	7.333333333	7	13	25	15	13	2	7	7.333333333	0	4	2.4	32	1
50	C	49	4	C4	14	85.6	89.3	62.96666667	7	7	18	10.66666667	0	20	0	6.666666667	8	14	14	12	0	2	1.8	20	1
50	C	50	0	C0	119.6	120	122.9	120.8333333	4	10	0	4.666666667	1	0	8	3	20	16	8	14.66666667	1	1	0.6	48	0
51	BT	1	0	BT0	10	7.2	1.9	6.366666667	4	13	12	9.666666667	0	0	0	0	4	10	13	9	0	1	8.7	25	0
51	BT	2	1	BT1	31.4	6.7	10	16.03333333	7	14	2	7.666666667	0	0	0	0	13	17	5	11.66666667	0	2	7.7	22	2
51	BT	3	1	BT1	17.4	15.5	14.8	15.9	5	4	22	10.33333333	0	0	0	0	4	5	25	11.33333333	0	1	5.1	26	2
51	BT	4	2	BT2	5.2	25.8	18.9	16.63333333	13	13	10	12	0	0	0	0	4	19	15	12.66666667	1	0	5.63	23	1
51	BT	5	2	BT2	11.2	10.1	11.6	10.96666667	11	20	18	16.33333333	0	0	0	0	6	15	11	10.66666667	0	0	4.5	20	1
51	BT	6	3	BT3	17	39.9	13.6	23.5	13	3	4	6.666666667	0	0	0	0	27	12	17	18.66666667	0	1	5.1	26	2
51	BT	7	3	BT3	5.9	2.4	15.3	7.866666667	4	2	6	4	0	0	0	0	11	4	15	10	0	0	2.9	21	0
51	BT	8	4	BT4	5.9	11.4	37.4	18.23333333	9	1	13	7.666666667	0	0	0	0	11	7	29	15.66666667	0	1	3.33	20	1
51	BT	9	4	BT4	29.5	11.7	11.1	17.43333333	7	10	3	6.666666667	0	0	0	0	6	7	25	12.66666667	0	3	8.8	30	3
51	BT	10	0	BT0	5.7	146.2	36.2	62.7	0	15	10	8.333333333	0	1	0	0.333333333	13	17	24	18	0	1	14.4	27	5
51	Q	11	0	Q0	53.4	81.1	21.8	52.1	9	15	13	12.33333333	9	0	0	3	23	19	22	21.33333333	0	1	0.9	39	4
51	Q	12	1	Q1	7.7	61.8	122.3	63.93333333	6	14	9	9.666666667	0	0	6	2	24	26	27	25.66666667	0	3	4.4	28	4
51	Q	13	1	Q1	46.1	60.6	46.3	51	4	2	6	4	0	0	0	0	23	27	20	23.33333333	0	1	3.9	25	0
51	Q	14	2	Q2	113.9	43.9	159.7	105.8333333	7	7	3	5.666666667	0	0	3	1	24	21	29	24.66666667	0	1	2.8	20	2
51	Q	15	2	Q2	42.9	50	95.8	62.9	5	8	1	4.666666667	0	0	0	0	22	33	19	24.66666667	0	1	1.75	35	1
51	Q	16	3	Q3	42.4	34.8	63.6	46.93333333	14	21	24	19.66666667	0	0	19	6.333333333	19	13	3	11.66666667	1	3	1.8	22	0
51	Q	17	3	Q3	138.3	81.7	155.1	125.0333333	6	5	4	5	14	16	0	10	16	24	28	22.66666667	0	1	2.6	35	2
51	Q	18	4	Q4	55.9	27.6	40.7	41.4	17	11	10	12.66666667	0	0	0	0	27	21	11	19.66666667	0	0	3.7	33	0
51	Q	19	4	Q4	71.7	137.1	28.5	79.1	11	2	0	4.333333333	0	0	0	0	32	22	17	23.66666667	0	2	5.9	25	2
51	Q	20	0	Q0	52.8	74.4	38.1	55.1	24	6	0	10	5	1	0	2	16	16	22	18	0	3	3	26	2
51	BP	21	0	BP0	159.2	64.3	53.6	92.36666667	8	14	4	8.666666667	6	1	6	4.333333333	17	14	12	14.33333333	0	1	2.6	27	3
51	BP	22	1	BP1	27.7	127.9	57.6	71.06666667	21	4	6	10.33333333	9	0	1	3.333333333	20	14	9	14.33333333	2	1	3.6	30	3
51	BP	23	1	BP1	17	81.5	49.3	49.26666667	11	12	1	8	0	0	6	2	14	12	11	12.33333333	0	0	1.05	21	1
51	BP	24	2	BP2	96	55.4	26.6	59.33333333	12	4	12	9.333333333	0	11	0	3.666666667	19	14	14	15.66666667	1	0	5.5	26	2
51	BP	25	2	BP2	116.6	128.3	162	135.6333333	22	14	11	15.66666667	5	3	13	7	17	13	13	14.33333333	2	0	2.8	21	2
51	BP	26	3	BP3	99	75.5	45.8	73.43333333	20	3	15	12.66666667	0	0	0	0	7	9	7	7.666666667	0	0	3.1	21	8
51	BP	27	3	BP3	121.3	165.2	94.6	127.0333333	2	7	19	9.333333333	0	5	2	2.333333333	8	16	5	9.666666667	0	0	4.75	23	3
51	BP	28	4	BP4	84.2	69.5	108.9	87.53333333	15	5	16	12	2	0	6	2.666666667	6	13	6	8.333333333	0	3	3.7	37	1
51	BP	29	4	BP4	82.5	14.9	127.2	74.86666667	6	6	17	9.666666667	0	14	2	5.333333333	14	8	4	8.666666667	1	1	2.64	20	3
51	BP	30	0	BP0	112.2	107.2	97.4	105.6	4	20	2	8.666666667	5	2	0	2.333333333	10	10	16	12	1	1	0.7	39	13
51	BM	31	0	BM0	6.2	22.6	92.2	40.33333333	22	23	4	16.33333333	3	0	0	1	17	15	24	18.66666667	0	3	3.3	39	4
51	BM	32	1	BM1	12.2	49.7	11	24.3	22	15	19	18.66666667	2	0	0	0.666666667	18	15	7	13.33333333	0	1	5.3	36	2
51	BM	33	1	BM1	5.5	35.4	2.1	14.33333333	25	20	18	21	0	0	0	0	18	20	14	17.33333333	0	3	5.8	35	4
51	BM	34	2	BM2	22.5	22.4	38.1	27.66666667	19	19	17	18.33333333	0	1	0	0.333333333	28	26	25	26.33333333	0	0	2.47	23	3
51	BM	35	2	BM2	85.4	13.4	44.8	47.86666667	24	22	22	22.66666667	0	8	0	2.666666667	13	28	14	18.33333333	0	1	3.05	29	6
51	BM	36	3	BM3	39.3	58.1	14.5	37.3	8	9	14	10.33333333	1	0	0	0.333333333	18	25	21	21.33333333	0	0	2.6	53	3
51	BM	37	3	BM3	5.4	21.6	13.5	13.5	11	3	14	9.333333333	3	0	0	1	17	18	22	19	1	1	1.75	46	8
51	BM	38	4	BM4	47.3	41.3	16.4	35	4	18	13	11.66666667	1	0	0	0.333333333	19	26	28	24.33333333	0	0	1.65	23	3
51	BM	39	4	BM4	20.4	28.1	19.3	22.6	17	7	3	9	0	0	0	0	16	23	18	19	0	0	1.5	21	2
51	BM	40	0	BM0	24.3	16.7	17.2	19.4	13	17	16	15.33333333	1	0	3	1.333333333	27	3	17	15.66666667	0	1	1.05	43	3
51	C	41	0	C0	43	93.9	138.5	91.8	0	9	21	10	6	1	1	2.666666667	16	8	7	10.33333333	1	3	1.85	22	1
51	C	42	1	C1	23.5	137.7	217	126.0666667	14	10	1	8.333333333	2	2	2	2	31	17	7	18.33333333	2	2	4.6	25	6
51	C	43	1	C1	116.3	156.3	217	163.2	0	12	0	4	15	0	15	10	15	18	9	14	0	0	1.88	23	3
51	C	44	2	C2	286.2	155.2	252.4	231.2666667	18	5	4	9	13	0	0	4.333333333	6	6	16	9.333333333	1	0	2.2	23	4
51	C	45	2	C2	202.3	248.4	207.6	219.4333333	2	0	10	4	1	15	25	13.66666667	5	10	7	7.333333333	0	1	2	32	1
51	C	46	3	C3	147.9	63.6	102	104.5	0	18	0	6	7	0	0	2.333333333	13	9	9	10.33333333	0	6	3	25	2
51	C	47	3	C3	200.3	136.3	193.9	176.8333333	13	5	5	7.666666667	0	6	3	3	18	12	10	13.33333333	4	0	3	26	5
51	C	48	4	C4	23	113	165	100.3333333	22	8	0	10	12	9	9	10	12	19	11	14	1	4	1.05	26	3
51	C	49	4	C4	183.4	52.8	164.2	133.4666667	10	22	13	15	0	15	0	5	15	9	15	13	0	1	5.36	56	2
51	C	50	0	C0	77.4	191.5	167.4	145.4333333	0	1	0	0.333333333	3	0	10	4.333333333	12	17	20	16.33333333	1	1	0.7	50	6
52	BT	1	0	BT0	3.4	27.8	5.6	12.26666667	6	7	2	5	0	0	0	0	12	9	11	10.66666667	0	0	8.84	26	0
52	BT	2	1	BT1	5.4	13	15.8	11.4	8	9	5	7.333333333	0	0	0	0	8	7	5	6.666666667	0	3	6.6	31	1
52	BT	3	1	BT1	15.9	9.5	15.9	13.76666667	0	1	10	3.666666667	0	0	0	0	13	10	13	12	0	2	6.2	38	3
52	BT	4	2	BT2	12.3	8.6	42.8	21.23333333	0	2	16	6	0	0	0	0	17	18	22	19	0	0	5.85	33	0
52	BT	5	2	BT2	22.4	19.2	18.2	19.93333333	11	13	10	11.33333333	0	0	0	0	3	8	12	7.666666667	0	1	4.52	28	0
52	BT	6	3	BT3	22.5	5.4	45.9	24.6	3	7	5	5	9	0	0	3	18	20	7	15	0	0	5.12	25	2
52	BT	7	3	BT3	67.2	15.5	11.9	31.53333333	1	1	0	0.666666667	0	0	1	0.333333333	12	11	8	10.33333333	2	1	2.81	21	0
52	BT	8	4	BT4	21.4	7.6	2.4	10.46666667	4	10	6	6.666666667	0	0	0	0	2	3	10	5	0	1	3.1	21	1
52	BT	9	4	BT4	37.6	11.2	26.2	25	11	4	5	6.666666667	0	0	0	0	13	6	10	9.666666667	0	1	8.7	30	2
52	BT	10	0	BT0	27.3	15.3	53.4	32	5	10	6	7	0	0	0	0	14	12	12	12.66666667	0	0	16.6	33	1
52	Q	11	0	Q0	47.9	23.9	42.4	38.06666667	3	13	0	5.333333333	0	0	3	1	26	18	10	18	0	2	1	42	4
52	Q	12	1	Q1	35.4	19.1	46.7	33.73333333	19	14	13	15.33333333	0	0	0	0	9	25	18	17.33333333	0	4	2.49	20	2
52	Q	13	1	Q1	63	22.6	44.1	43.23333333	23	8	15	15.33333333	0	0	0	0	11	19	16	15.33333333	0	1	3.66	27	1
52	Q	14	2	Q2	86.8	54.6	47.6	63	1	21	13	11.66666667	1	0	0	0.333333333	17	21	22	20	0	1	2.66	54	0
52	Q	15	2	Q2	32.5	39.2	61.4	44.36666667	14	2	3	6.333333333	0	0	1	0.333333333	12	20	17	16.33333333	0	2	1.65	22	1
52	Q	16	3	Q3	24.1	41.5	69.4	45	12	19	21	17.33333333	0	0	4	1.333333333	13	12	26	17	0	3	1.48	20	2
52	Q	17	3	Q3	98.6	71.6	62.6	77.6	2	10	8	6.666666667	11	2	17	10	27	21	13	20.33333333	0	1	2.4	35	1
52	Q	18	4	Q4	96.4	94.3	83.9	91.53333333	16	2	3	7	0	0	1	0.333333333	24	21	42	29	0	0	2.75	34	0
52	Q	19	4	Q4	35.9	43.1	76.5	51.83333333	9	3	6	6	0	0	0	0	31	26	5	20.66666667	0	1	0.9	22	0
52	Q	20	0	Q0	49.8	55.8	84.4	63.33333333	11	6	3	6.666666667	0	0	0	0	15	14	8	12.33333333	1	1	2.82	28	1
52	BP	21	0	BP0	75.8	82.6	31.5	63.3	16	3	3	7.333333333	2	0	3	1.666666667	16	15	6	12.33333333	0	2	2.52	27	3
52	BP	22	1	BP1	72	75.4	106.7	84.7	10	1	4	5	0	1	7	2.666666667	13	20	23	18.66666667	0	1	3.53	21	4
52	BP	23	1	BP1	36.9	94	108.1	79.66666667	0	13	14	9	0	0	0	0	14	21	13	16	1	2	0.95	22	2
52	BP	24	2	BP2	69.6	94.7	58.8	74.36666667	7	18	4	9.666666667	0	0	0	0	16	17	12	15	0	1	5.37	36	1
52	BP	25	2	BP2	105.3	209.4	34.2	116.3	20	15	0	11.66666667	5	5	10	6.666666667	8	12	8	9.333333333	0	1	2.61	21	2
52	BP	26	3	BP3	84.6	49.5	85.6	73.23333333	7	21	18	15.33333333	0	0	0	0	19	17	16	17.33333333	0	1	2.9	23	5
52	BP	27	3	BP3	83.5	31.7	48.6	54.6	5	20	16	13.66666667	6	4	0	3.333333333	18	11	16	15	0	1	3.57	28	1
52	BP	28	4	BP4	68.6	63.4	134.4	88.8	19	3	7	9.666666667	10	3	0	4.333333333	10	15	12	12.33333333	0	4	3.56	37	1
52	BP	29	4	BP4	65.6	139.3	80.1	95	19	8	13	13.33333333	0	12	0	4	6	9	13	9.333333333	0	3	2.56	21	0
52	BP	30	0	BP0	77.8	127.1	55.7	86.86666667	24	20	14	19.33333333	0	3	2	1.666666667	4	11	7	7.333333333	3	1	0.7	39	7
52	BM	31	0	BM0	27.5	15.1	33.6	25.4	6	23	5	11.33333333	7	6	0	4.333333333	21	12	26	19.66666667	0	3	3.2	40	2
52	BM	32	1	BM1	16.5	9.9	8.8	11.73333333	1	17	11	9.666666667	0	0	0	0	15	14	21	16.66666667	1	1	5.33	37	3
52	BM	33	1	BM1	16.7	20.4	50.5	29.2	10	7	6	7.666666667	0	3	0	1	17	19	10	15.33333333	1	4	5.75	40	3
52	BM	34	2	BM2	39	71.4	8.3	39.56666667	2	9	18	9.666666667	18	12	0	10	18	18	20	18.66666667	0	0	2.3	25	1
52	BM	35	2	BM2	6.3	56.6	44	35.63333333	10	17	23	16.66666667	0	0	0	0	14	6	5	8.333333333	0	1	3.01	30	2
52	BM	36	3	BM3	53.1	25.8	11.5	30.13333333	5	11	13	9.666666667	3	4	0	2.333333333	21	19	9	16.33333333	0	0	2.65	43	2
52	BM	37	3	BM3	17.1	36.8	34.4	29.43333333	4	7	8	6.333333333	5	0	1	2	10	7	7	8	1	0	1.65	51.8	5
52	BM	38	4	BM4	34.5	11	14.6	20.03333333	8	14	0	7.333333333	0	0	0	0	16	11	5	10.66666667	0	0	5.7	23	0
52	BM	39	4	BM4	53.2	31.8	6.9	30.63333333	15	0	14	9.666666667	7	0	5	4	10	21	20	17	0	0	1.45	20.1	1
52	BM	40	0	BM0	35.7	36.5	17.5	29.9	20	4	0	8	0	7	0	2.333333333	14	20	16	16.66666667	0	2	0.92	41	5
52	C	41	0	C0	86.1	97.1	70.4	84.53333333	20	16	14	16.66666667	3	3	1	2.333333333	12	7	7	8.666666667	3	3	1.75	23	0
52	C	42	1	C1	122.8	18.6	219.9	120.4333333	25	0	13	12.66666667	1	22	7	10	15	16	12	14.33333333	1	4	5.5	28	7
52	C	43	1	C1	144.9	164.1	92	133.6666667	21	0	12	11	12	15	25	17.33333333	13	5	12	10	0	1	1.65	25	3
52	C	44	2	C2	183.2	71.7	240.6	165.1666667	8	3	3	4.666666667	17	3	4	8	14	15	10	13	1	0	2.6	28	8
52	C	45	2	C2	123.4	137.8	174.9	145.3666667	13	9	0	7.333333333	7	7	18	10.66666667	9	14	7	10	0	3	2.1	32	3
52	C	46	3	C3	109	23.3	41.9	58.06666667	23	25	14	20.66666667	0	0	3	1	12	5	9	8.666666667	1	5	2.66	25	4
52	C	47	3	C3	144.4	143.4	225.5	171.1	1	2	4	2.333333333	3	6	7	5.333333333	10	21	15	15.33333333	4	3	3.1	28	3
52	C	48	4	C4	164.4	168.7	239.9	191	4	3	7	4.666666667	8	22	13	14.33333333	11	15	9	11.66666667	1	4	2.33	26	1
52	C	49	4	C4	26.1	102.4	199.3	109.2666667	11	1	25	12.33333333	12	0	7	6.333333333	18	26	12	18.66666667	0	1	5.4	56	0
52	C	50	0	C0	179.3	91.6	154.5	141.8	1	23	12	12	3	0	0	1	8	14	4	8.666666667	2	0	0.7	48	1
53	BT	1	0	BT0	11.5	25	23.5	20	2	1	0	1	0	0	0	0	15	13	12	13.33333333	0	0	8.5	23.3	0
53	BT	2	1	BT1	3.5	9	17.5	10	0	0	0	0	0	0	0	0	6	7	17	10	0	3	6.57	31.1	1
53	BT	3	1	BT1	16.5	17.5	21	18.33333333	2	6	0	2.666666667	0	0	0	0	10	13	18	13.66666667	0	2	6.05	25.3	3
53	BT	4	2	BT2	34.5	14.5	25	24.66666667	1	5	6	4	0	0	0	0	23	20	16	19.66666667	1	0	5.63	31	0
53	BT	5	2	BT2	12.5	5.5	6	8	1	15	1	5.666666667	0	0	0	0	11	9	9	9.666666667	0	0	7.2	30.9	0
53	BT	6	3	BT3	32	23.5	32.5	29.33333333	10	0	10	6.666666667	0	0	0	0	6	25	11	14	0	0	7.9	35	2
53	BT	7	3	BT3	15.5	31.5	16	21	17	0	5	7.333333333	0	0	0	0	31	13	9	17.66666667	0	2	4.22	39	0
53	BT	8	4	BT4	11	59.5	12	27.5	2	3	9	4.666666667	0	0	0	0	14	1	5	6.666666667	1	1	3.12	20	1
53	BT	9	4	BT4	26	22.5	15.5	21.33333333	12	2	10	8	0	0	0	0	4	13	19	12	0	2	8.62	30.3	2
53	BT	10	0	BT0	58.5	93.5	24	58.66666667	10	14	8	10.66666667	0	0	0	0	18	15	11	14.66666667	0	1	14.29	28.2	4
53	Q	11	0	Q0	32.5	38	72.5	47.66666667	2	0	0	0.666666667	0	0	1	0.333333333	10	17	22	16.33333333	0	0	0.88	32	4
53	Q	12	1	Q1	65	15	28.5	36.16666667	23	0	15	12.66666667	0	0	0	0	21	12	21	18	0	2	2.5	20	1
53	Q	13	1	Q1	43	54	73.5	56.83333333	7	7	5	6.333333333	0	0	0	0	23	29	11	21	0	1	4.2	20	0
53	Q	14	2	Q2	64	140	76	93.33333333	10	0	7	5.666666667	0	0	0	0	11	19	23	17.66666667	0	1	2.65	39	1
53	Q	15	2	Q2	101	69	25	65	6	0	20	8.666666667	2	0	0	0.666666667	17	12	10	13	0	0	1.7	26	0
53	Q	16	3	Q3	180.5	30.5	23.5	78.16666667	1	13	12	8.666666667	0	0	0	0	17	7	9	11	0	2	6.13	24	0
53	Q	17	3	Q3	101	157.5	110.5	123	3	1	9	4.333333333	0	12	14	8.666666667	9	21	16	15.33333333	NA	NA	2.28	20.7	NA
53	Q	18	4	Q4	130	20	35	61.66666667	3	1	0	1.333333333	0	0	0	0	17	15	33	21.66666667	0	0	2.65	26	0
53	Q	19	4	Q4	88.5	101	84	91.16666667	5	0	0	1.666666667	0	0	0	0	3	27	26	18.66666667	0	2	5.79	26	0
53	Q	20	0	Q0	54	76.5	98	76.16666667	8	8	23	13	0	0	5	1.666666667	10	19	12	13.66666667	0	0	3.5	27	1
53	BP	21	0	BP0	97.5	174.5	240	170.6666667	12	8	0	6.666666667	4	10	0	4.666666667	15	19	20	18	0	1	2.5	27	4
53	BP	22	1	BP1	139	89	100	109.3333333	5	9	12	8.666666667	0	0	0	0	15	17	16	16	1	1	3.6	24	5
53	BP	23	1	BP1	77	89	68.5	78.16666667	15	11	11	12.33333333	0	0	0	0	17	10	9	12	0	2	1.6	23.1	2
53	BP	24	2	BP2	21.5	22	66.5	36.66666667	8	21	3	10.66666667	0	0	5	1.666666667	16	17	12	15	0	1	1.65	22.2	0
53	BP	25	2	BP2	61	155	189	135	6	18	19	14.33333333	3	5	0	2.666666667	4	11	13	9.333333333	0	0	2.75	21	3
53	BP	26	3	BP3	99	97	98	98	20	5	3	9.333333333	0	6	0	2	9	6	12	9	0	0	2.9	23.1	5
53	BP	27	3	BP3	83.5	56	117	85.5	12	10	16	12.66666667	0	0	0	0	15	7	13	11.66666667	0	0	3.4	30	2
53	BP	28	4	BP4	152	88	86.5	108.8333333	9	22	12	14.33333333	0	11	3	4.666666667	12	8	12	10.66666667	0	3	3.6	35	0
53	BP	29	4	BP4	110.5	107	98	105.1666667	19	13	5	12.33333333	4	0	2	2	4	4	5	4.333333333	0	4	4	35.3	0
53	BP	30	0	BP0	165	51.5	165.5	127.3333333	0	15	3	6	12	9	20	13.66666667	7	11	11	9.666666667	0	1	0.6	42	7
53	BM	31	0	BM0	19.5	52	45	38.83333333	19	25	20	21.33333333	0	0	4	1.333333333	16	5	18	13	0	2	3.2	39.3	3
53	BM	32	1	BM1	54.5	50	31.5	45.33333333	18	21	19	19.33333333	0	0	0	0	22	15	15	17.33333333	1	1	2.7	20	1
53	BM	33	1	BM1	40	31.5	13.5	28.33333333	21	21	14	18.66666667	0	0	5	1.666666667	9	17	10	12	1	3	5.76	36.1	3
53	BM	34	2	BM2	63	31	10	34.66666667	23	17	24	21.33333333	13	0	1	4.666666667	12	15	19	15.33333333	0	2	2.4	23.2	3
53	BM	35	2	BM2	22	41	13	25.33333333	19	10	24	17.66666667	0	0	0	0	9	13	9	10.33333333	0	0	3	32.4	1
53	BM	36	3	BM3	28	64.5	31	41.16666667	20	14	17	17	1	0	7	2.666666667	17	14	14	15	0	0	2.6	56	0
53	BM	37	3	BM3	56.5	41	24	40.5	17	15	21	17.66666667	1	0	0	0.333333333	8	3	13	8	0	1	1.73	46.3	3
53	BM	38	4	BM4	54.5	30.5	37	40.66666667	24	14	18	18.66666667	0	2	0	0.666666667	8	20	10	12.66666667	0	0	5.58	23	2
53	BM	39	4	BM4	41.5	40.5	85.5	55.83333333	13	21	13	15.66666667	8	0	0	2.666666667	15	19	23	19	0	0	1.56	21.1	0
53	BM	40	0	BM0	18.5	30	35	27.83333333	12	24	17	17.66666667	2	0	0	0.666666667	14	10	7	10.33333333	0	0	0.9	42.3	2
53	C	41	0	C0	188	34	56	92.66666667	25	8	0	11	1	0	0	0.333333333	10	12	8	10	1	3	3.2	56	0
53	C	42	1	C1	152.5	85	202	146.5	18	5	22	15	4	19	0	7.666666667	12	14	13	13	0	4	4.3	23	5
53	C	43	1	C1	67	174	226	155.6666667	0	0	23	7.666666667	13	25	13	17	7	16	11	11.33333333	0	1	1.78	24	1
53	C	44	2	C2	147.5	152.5	177	159	5	24	9	12.66666667	8	3	4	5	12	12	11	11.66666667	0	1	2.57	29	2
53	C	45	2	C2	114.5	264	197	191.8333333	3	2	10	5	8	6	13	9	11	8	7	8.666666667	0	3	1.88	30	3
53	C	46	3	C3	50.5	89.5	109.5	83.16666667	25	6	14	15	0	0	11	3.666666667	10	16	16	14	0	4	2.75	25	1
53	C	47	3	C3	195.5	171	58	141.5	25	4	7	12	0	19	0	6.333333333	4	8	10	7.333333333	1	1	3.1	34.6	0
53	C	48	4	C4	125.5	99.5	236.5	153.8333333	12	22	7	13.66666667	24	3	19	15.33333333	6	16	13	11.66666667	1	5	2.24	39.2	4
53	C	49	4	C4	360	97	62	173	2	13	16	10.33333333	8	0	1	3	14	9	11	11.33333333	0	3	1.7	20.2	3
53	C	50	0	C0	72	160	147	126.3333333	3	15	9	9	4	0	1	1.666666667	10	11	15	12	2	0	0.8	48.6	1
54	BT	1	0	BT0	48	10	27	28.33333333	4	18	0	7.333333333	0	0	0	0	11	31	15	19	1	1	11.8	58	1
54	BT	2	1	BT1	12	19	13.5	14.83333333	2	7	2	3.666666667	0	0	0	0	15	18	14	15.66666667	0	2	7.6	21.1	1
54	BT	3	1	BT1	10	28	33	23.66666667	4	12	15	10.33333333	0	0	0	0	16	9	22	15.66666667	1	1	6.1	21	1
54	BT	4	2	BT2	68	18	82	56	0	3	5	2.666666667	0	0	0	0	15	18	27	20	1	0	5.9	27.1	1
54	BT	5	2	BT2	44	11	18.5	24.5	6	18	18	14	0	0	0	0	17	9	10	12	0	0	6.45	26.8	0
54	BT	6	3	BT3	57	52	9	39.33333333	15	8	1	8	0	0	0	0	14	18	14	15.33333333	1	0	5.1	23	3
54	BT	7	3	BT3	41	15	27	27.66666667	0	9	6	5	0	2	2	1.333333333	3	25	9	12.33333333	2	0	3.56	35.3	0
54	BT	8	4	BT4	18.5	13.5	8.5	13.5	8	15	6	9.666666667	0	0	0	0	5	14	4	7.666666667	1	0	7.9	29.8	1
54	BT	9	4	BT4	48	59	92.5	66.5	7	4	5	5.333333333	0	0	0	0	13	17	4	11.33333333	0	2	8.64	30	0
54	BT	10	0	BT0	59	28	62.5	49.83333333	15	0	4	6.333333333	0	0	0	0	12	18	25	18.33333333	0	0	33	14.33	1
54	Q	11	0	Q0	21	69	43	44.33333333	3	22	10	11.66666667	0	0	5	1.666666667	14	12	17	14.33333333	0	0	1	36.1	2
54	Q	12	1	Q1	52	116.5	20	62.83333333	13	3	17	11	0	0	2	0.666666667	22	24	28	24.66666667	0	2	2.4	20.3	1
54	Q	13	1	Q1	84	53.5	40	59.16666667	3	24	7	11.33333333	11	0	0	3.666666667	9	23	25	19	0	2	3.74	24.2	0
54	Q	14	2	Q2	32	77	56	55	0	15	9	8	0	0	0	0	17	18	18	17.66666667	1	1	1	20.3	1
54	Q	15	2	Q2	24.5	89.5	68	60.66666667	2	0	2	1.333333333	0	6	0	2	16	30	21	22.33333333	0	2	1.85	30.54	0
54	Q	16	3	Q3	108.5	88.5	43	80	3	1	15	6.333333333	0	3	0	1	17	23	13	17.66666667	0	3	1.53	20.4	0
54	Q	17	3	Q3	125	90.5	59	91.5	2	8	1	3.666666667	5	0	17	7.333333333	28	12	27	22.33333333	0	0	2.47	38	2
54	Q	18	4	Q4	87	46	68.5	67.16666667	1	5	3	3	0	0	0	0	26	24	32	27.33333333	0	0	2.7	34	0
54	Q	19	4	Q4	4.5	47	6.5	19.33333333	24	2	14	13.33333333	0	0	0	0	13	4	9	8.666666667	0	2	5.96	32.1	2
54	Q	20	0	Q0	30.5	16	15.5	20.66666667	6	23	12	13.66666667	13	0	0	4.333333333	14	11	9	11.33333333	0	2	1.67	20.1	2
54	BP	21	0	BP0	49.5	56.5	108	71.33333333	5	2	6	4.333333333	3	10	0	4.333333333	10	18	19	15.66666667	1	1	2.6	38.1	2
54	BP	22	1	BP1	79	19.5	44	47.5	10	23	7	13.33333333	8	8	0	5.333333333	13	14	16	14.33333333	0	1	1.7	20	5
54	BP	23	1	BP1	51	125	62	79.33333333	20	6	8	11.33333333	0	0	0	0	6	12	21	13	0	1	0.95	23	0
54	BP	24	2	BP2	61	42.5	59.5	54.33333333	10	11	7	9.333333333	0	0	0	0	13	8	16	12.33333333	0	2	5.9	36.4	0
54	BP	25	2	BP2	44	20	95	53	7	6	15	9.333333333	0	4	0	1.333333333	12	12	9	11	0	2	3.45	23	0
54	BP	26	3	BP3	16	57	39.5	37.5	18	9	11	12.66666667	0	0	0	0	14	10	22	15.33333333	0	1	2.95	24	2
54	BP	27	3	BP3	58	29	66	51	7	21	14	14	0	0	0	0	12	13	14	13	1	1	1.7	22	0
54	BP	28	4	BP4	94.5	55.5	68	72.66666667	23	3	13	13	2	10	0	4	8	8	6	7.333333333	0	3	3.66	38.4	1
54	BP	29	4	BP4	82	133.5	45	86.83333333	3	0	25	9.333333333	0	19	0	6.333333333	13	5	10	9.333333333	0	2	2.58	22	0
54	BP	30	0	BP0	125.5	137	188	150.1666667	4	4	12	6.666666667	10	1	2	4.333333333	4	16	13	11	1	2	0.59	40	4
54	BM	31	0	BM0	21	10	29.5	20.16666667	9	9	10	9.333333333	0	0	0	0	10	16	6	10.66666667	0	3	3.4	42	3
54	BM	32	1	BM1	23	29	63.5	38.5	14	6	6	8.666666667	0	0	0	0	8	12	10	10	2	0	2.6	25.1	1
54	BM	33	1	BM1	45	43.5	11	33.16666667	10	18	9	12.33333333	2	3	0	1.666666667	26	11	18	18.33333333	1	3	5.8	20.4	2
54	BM	34	2	BM2	45	27.5	47.5	40	13	18	14	15	0	3	0	1	15	11	11	12.33333333	1	1	2.22	24.1	2
54	BM	35	2	BM2	28	54	26.5	36.16666667	24	22	10	18.66666667	0	0	0	0	6	7	13	8.666666667	0	0	2.08	28	1
54	BM	36	3	BM3	17.5	20.5	31	23	17	24	14	18.33333333	0	0	0	0	8	12	14	11.33333333	0	0	2.56	60	1
54	BM	37	3	BM3	21.5	55.5	29.5	35.5	9	3	6	6	0	16	0	5.333333333	7	18	16	13.66666667	0	1	1.65	50	1
54	BM	38	4	BM4	8.5	39	31.5	26.33333333	9	7	5	7	0	0	0	0	10	12	10	10.66666667	0	2	5.5	29.1	2
54	BM	39	4	BM4	24	63.5	39.5	42.33333333	25	14	8	15.66666667	0	0	0	0	11	15	21	15.66666667	1	0	1.49	22	2
54	BM	40	0	BM0	37.5	20.5	32.5	30.16666667	18	16	17	17	0	0	0	0	3	12	13	9.333333333	0	2	1.1	42	2
54	C	41	0	C0	136.5	112.5	132.5	127.1666667	10	18	0	9.333333333	0	0	0	0	11	13	18	14	1	2	1.88	23	0
54	C	42	1	C1	122.5	50.5	89	87.33333333	17	10	21	16	0	6	6	4	10	5	8	7.666666667	1	3	4.4	20	1
54	C	43	1	C1	134.5	180.5	114	143	0	7	5	4	25	4	17	15.33333333	10	10	11	10.33333333	0	0	1.7	25	0
54	C	44	2	C2	93	276.5	238	202.5	8	5	1	4.666666667	4	14	18	12	15	17	6	12.66666667	1	0	2.5	25	0
54	C	45	2	C2	199.5	63	268	176.8333333	3	5	2	3.333333333	8	8	4	6.666666667	12	18	18	16	0	2	1.87	30	2
54	C	46	3	C3	172	95.5	178.5	148.6666667	5	9	12	8.666666667	15	0	0	5	10	6	11	9	0	6	2.59	25.8	0
54	C	47	3	C3	166	287	178.5	210.5	11	2	4	5.666666667	7	13	0	6.666666667	7	10	14	10.33333333	1	2	4.03	30.2	0
54	C	48	4	C4	164	332.5	124	206.8333333	0	1	0	0.333333333	0	1	10	3.666666667	9	19	13	13.66666667	1	4	2.2	24	1
54	C	49	4	C4	43.5	234	260.5	179.3333333	23	0	3	8.666666667	3	0	6	3	16	12	12	13.33333333	1	4	5.2	56.8	1
54	C	50	0	C0	164.5	267	139	190.1666667	3	4	9	5.333333333	0	0	12	4	19	16	11	15.33333333	2	1	0.6	48.2	2
55	BT	1	0	BT0	41	19	11.5	23.83333333	4	12	9	8.333333333	0	0	0	0	25	13	10	16	0	1	8.85	28	0
55	BT	2	1	BT1	59	38.5	8	35.16666667	16	4	4	8	0	0	0	0	8	13	17	12.66666667	0	1	6.74	32	2
55	BT	3	1	BT1	62.5	5.5	34.5	34.16666667	14	0	7	7	2	0	0	0.666666667	6	13	20	13	0	1	6.15	26	3
55	BT	4	2	BT2	21	35	87.5	47.83333333	6	1	22	9.666666667	0	0	0	0	27	17	22	22	1	0	5.66	23	1
55	BT	5	2	BT2	39	50.5	16.5	35.33333333	18	0	24	14	0	0	0	0	6	4	11	7	0	1	4.5	27	4
55	BT	6	3	BT3	23.5	22	28.5	24.66666667	1	0	3	1.333333333	0	0	0	0	23	23	11	19	0	0	5.15	28	3
55	BT	7	3	BT3	30	21	35	28.66666667	8	6	1	5	0	0	0	0	27	34	15	25.33333333	0	3	3.65	39	1
55	BT	8	4	BT4	44	77.5	23	48.16666667	13	15	0	9.333333333	0	0	0	0	12	16	41	23	0	3	3.23	21	6
55	BT	9	4	BT4	51	20	55.5	42.16666667	13	7	14	11.33333333	0	0	0	0	12	13	11	12	0	1	8.7	31	3
55	BT	10	0	BT0	81	24.5	78.5	61.33333333	6	5	0	3.666666667	0	0	0	0	16	19	24	19.66666667	0	0	14.4	38.2	3
55	Q	11	0	Q0	66	196	103	121.6666667	7	16	18	13.66666667	0	0	0	0	18	18	16	17.33333333	0	0	1	39	4
55	Q	12	1	Q1	27.5	152	52.5	77.33333333	9	7	20	12	0	0	0	0	19	24	16	19.66666667	0	3	2.4	20.5	3
55	Q	13	1	Q1	88.5	35	88.5	70.66666667	22	3	15	13.33333333	0	0	0	0	12	19	18	16.33333333	0	3	3.8	23	0
55	Q	14	2	Q2	130	198	224.5	184.1666667	7	5	11	7.666666667	0	0	0	0	12	21	19	17.33333333	2	2	2.74	40	3
55	Q	15	2	Q2	103	24.5	78.5	68.66666667	0	2	13	5	0	3	0	1	17	22	15	18	0	1	1.65	30	1
55	Q	16	3	Q3	73.5	42.5	89	68.33333333	17	13	13	14.33333333	0	0	0	0	12	15	6	11	0	2	1.46	21	3
55	Q	17	3	Q3	205.5	87.5	80.5	124.5	1	2	6	3	0	3	6	3	10	15	22	15.66666667	0	0	2.32	38	1
55	Q	18	4	Q4	166.5	64.5	129	120	11	4	4	6.333333333	0	0	0	0	5	10	26	13.66666667	0	0	2.56	34	1
55	Q	19	4	Q4	54.5	108	131.5	98	1	1	2	1.333333333	0	0	0	0	2	25	24	17	1	2	6	37	4
55	Q	20	0	Q0	47	106.5	83	78.83333333	7	12	15	11.33333333	3	0	8	3.666666667	6	9	12	9	1	4	1.6	21	5
55	BP	21	0	BP0	150	66	108	108	7	2	4	4.333333333	4	3	0	2.333333333	7	14	12	11	1	3	2.55	28	1
55	BP	22	1	BP1	112.5	208.5	78	133	21	3	6	10	0	1	0	0.333333333	14	16	13	14.33333333	1	1	3.56	24	4
55	BP	23	1	BP1	75	76.5	160.5	104	22	9	23	18	0	2	0	0.666666667	8	7	19	11.33333333	1	2	1	22.5	4
55	BP	24	2	BP2	112	89	62.5	87.83333333	18	2	5	8.333333333	0	0	0	0	22	15	8	15	0	0	5.3	38	0
55	BP	25	2	BP2	203.5	126.5	68.5	132.8333333	15	24	25	21.33333333	3	0	7	3.333333333	22	11	11	14.66666667	0	3	2.7	21	2
55	BP	26	3	BP3	96	116.5	121.5	111.3333333	8	1	0	3	0	0	0	0	10	11	10	10.33333333	0	1	2.9	23.1	3
55	BP	27	3	BP3	139	26.5	200	121.8333333	11	23	17	17	0	0	0	0	8	10	14	10.66666667	0	0	3.31	23	2
55	BP	28	4	BP4	121.5	151	86.5	119.6666667	13	12	16	13.66666667	5	13	0	6	8	4	11	7.666666667	0	4	3.6	37	1
55	BP	29	4	BP4	285.5	331	71.5	229.3333333	4	14	17	11.66666667	20	3	3	8.666666667	7	8	5	6.666666667	0	3	2.66	21	2
55	BP	30	0	BP0	66.5	75	182.5	108	14	24	18	18.66666667	0	0	6	2	11	7	11	9.666666667	0	0	0.62	40.9	7
55	BM	31	0	BM0	28	39.5	89	52.16666667	20	17	24	20.33333333	0	0	1	0.333333333	18	11	6	11.66666667	0	3	3.25	42	3
55	BM	32	1	BM1	18	58	35.5	37.16666667	23	19	25	22.33333333	0	0	0	0	7	13	15	11.66666667	0	1	2.66	26	3
55	BM	33	1	BM1	19.5	30	73.5	41	14	0	16	10	0	0	0	0	9	8	17	11.33333333	2	3	5.63	36	3
55	BM	34	2	BM2	112	49.5	31	64.16666667	20	22	25	22.33333333	0	9	0	3	23	5	19	15.66666667	2	0	3.28	29	3
55	BM	35	2	BM2	39.5	23.5	72	45	18	25	25	22.66666667	1	0	0	0.333333333	17	8	13	12.66666667	0	1	3.13	30	4
55	BM	36	3	BM3	33.5	74.5	61.5	56.5	19	6	22	15.66666667	0	0	0	0	13	12	8	11	1	1	2.56	56	1
55	BM	37	3	BM3	31.5	41	92.5	55	2	24	23	16.33333333	0	0	0	0	12	17	11	13.33333333	0	1	1.8	46	2
55	BM	38	4	BM4	117.5	47.5	57	74	23	1	11	11.66666667	0	0	0	0	13	15	9	12.33333333	0	1	5.65	23	2
55	BM	39	4	BM4	49	56	46.5	50.5	9	23	1	11	0	4	0	1.333333333	20	15	25	20	0	2	1.52	22	9
55	BM	40	0	BM0	61.5	69.5	92.5	74.5	4	22	11	12.33333333	1	4	0	1.666666667	6	7	22	11.66666667	0	2	1.06	42	2
55	C	41	0	C0	125	129	149.5	134.5	17	14	19	16.66666667	1	5	3	3	9	10	5	8	1	3	1.88	22	1
55	C	42	1	C1	121	364	41	175.3333333	4	0	5	3	15	11	0	8.666666667	21	14	19	18	4	4	4.5	20	4
55	C	43	1	C1	191.5	159	288.5	213	4	4	0	2.666666667	0	3	14	5.666666667	11	6	6	7.666666667	1	1	1.76	25	1
55	C	44	2	C2	199.5	158.5	251	203	13	2	0	5	0	8	2	3.333333333	21	14	10	15	0	1	2.62	28	4
55	C	45	2	C2	127	219	179	175	3	8	0	3.666666667	16	14	18	16	13	16	12	13.66666667	1	3	2.12	29	2
55	C	46	3	C3	149.5	77.5	174	133.6666667	3	6	24	11	2	14	0	5.333333333	10	22	16	16	6	1	2.95	23	0
55	C	47	3	C3	294.5	208	82	194.8333333	11	17	12	13.33333333	22	0	11	11	5	9	12	8.666666667	4	1	3	34	2
55	C	48	4	C4	279.5	224	119.5	207.6666667	0	0	0	0	8	25	16	16.33333333	12	8	23	14.33333333	0	4	2.37	30	1
55	C	49	4	C4	376	183.5	255.5	271.6666667	16	0	3	6.333333333	5	0	17	7.333333333	2	17	18	12.33333333	0	2	5.91	32	3
55	C	50	0	C0	98.5	153.5	227.5	159.8333333	21	1	3	8.333333333	0	13	0	4.333333333	19	8	11	12.66666667	0	2	68	49	1
56	BT	1	0	BT0	37.5	20.5	7	21.66666667	5	20	3	9.333333333	0	0	0	0	13	7	3	7.666666667	0	1	8.76	29	0
56	BT	2	1	BT1	13	28.5	24	21.83333333	17	4	15	12	0	0	0	0	4	23	4	10.33333333	0	4	6.67	33	1
56	BT	3	1	BT1	92.5	36	52	60.16666667	18	14	18	16.66666667	0	6	0	2	11	15	17	14.33333333	0	3	6.18	25	2
56	BT	4	2	BT2	131.5	95.5	28	85	11	7	22	13.33333333	0	0	0	0	18	37	15	23.33333333	1	0	5.87	32	0
56	BT	5	2	BT2	39.5	8	30	25.83333333	19	21	21	20.33333333	0	0	0	0	16	25	8	16.33333333	0	0	4.44	27	2
56	BT	6	3	BT3	16	1.5	81.5	33	10	1	0	3.666666667	0	2	0	0.666666667	26	9	27	20.66666667	0	1	5.27	28	1
56	BT	7	3	BT3	46	12	35	31	10	11	14	11.66666667	0	9	0	3	8	22	9	13	0	2	2.92	20	0
56	BT	8	4	BT4	32.5	12.5	37.5	27.5	6	5	19	10	0	0	0	0	12	7	8	9	0	3	3.15	22	2
56	BT	9	4	BT4	39.5	27.5	8	25	4	6	13	7.666666667	0	0	1	0.333333333	19	15	11	15	0	2	8.63	32	3
56	BT	10	0	BT0	40	14.5	185	79.83333333	1	1	5	2.333333333	0	0	0	0	13	17	17	15.66666667	0	1	14.42	28	5
56	Q	11	0	Q0	105	33	152	96.66666667	3	5	10	6	19	0	0	6.333333333	20	14	32	22	0	1	1.05	43.5	4
56	Q	12	1	Q1	20	80	88	62.66666667	19	20	15	18	0	3	0	1	29	15	24	22.66666667	0	4	2.5	22	2
56	Q	13	1	Q1	75	25	325	141.6666667	18	0	8	8.666666667	4	1	0	1.666666667	10	30	24	21.33333333	0	1	3.8	25	0
56	Q	14	2	Q2	24.5	66	154.5	81.66666667	15	6	0	7	0	0	0	0	12	12	14	12.66666667	1	2	2.65	22	2
56	Q	15	2	Q2	62.5	54	62.5	59.66666667	21	17	14	17.33333333	0	0	0	0	14	21	14	16.33333333	0	2	1.8	36	2
56	Q	16	3	Q3	170	89	167	142	5	5	17	9	0	0	0	0	15	13	8	12	0	3	1.55	21	4
56	Q	17	3	Q3	60	86.5	44.5	63.66666667	5	2	15	7.333333333	9	3	2	4.666666667	14	26	9	16.33333333	0	2	2.9	34	2
56	Q	18	4	Q4	130.5	105	24	86.5	3	3	0	2	0	0	8	2.666666667	18	30	25	24.33333333	0	0	2.73	34	2
56	Q	19	4	Q4	89.5	103.5	37	76.66666667	14	0	5	6.333333333	0	0	0	0	24	5	13	14	0	2	5.72	31	5
56	Q	20	0	Q0	105	69	95	89.66666667	16	6	3	8.333333333	1	12	0	4.333333333	29	9	12	16.66666667	1	2	1.75	20.1	4
56	BP	21	0	BP0	54.5	77	139	90.16666667	18	10	3	10.33333333	3	0	0	1	21	28	14	21	0	2	2.5	27	3
56	BP	22	1	BP1	93.5	126	80.5	100	17	0	10	9	4	0	0	1.333333333	18	9	18	15	1	3	3.57	26	4
56	BP	23	1	BP1	114	130	25	89.66666667	4	20	0	8	0	0	0	0	26	12	14	17.33333333	3	1	1.05	22	5
56	BP	24	2	BP2	177.5	53	197.5	142.6666667	7	16	4	9	5	0	0	1.666666667	8	9	7	8	2	2	5.2	23.5	2
56	BP	25	2	BP2	172.5	173	103	149.5	15	3	15	11	8	7	2	5.666666667	18	14	16	16	0	1	2.76	21	2
56	BP	26	3	BP3	73	153	61.5	95.83333333	23	2	10	11.66666667	0	0	0	0	8	7	16	10.33333333	0	1	2.96	23	6
56	BP	27	3	BP3	54	54.5	39	49.16666667	21	19	25	21.66666667	0	1	0	0.333333333	7	12	9	9.333333333	0	1	1.62	22	4
56	BP	28	4	BP4	65.5	39	168	90.83333333	2	12	18	10.66666667	0	3	14	5.666666667	13	7	4	8	0	4	3.7	35	2
56	BP	29	4	BP4	50	72	164	95.33333333	2	10	25	12.33333333	0	11	0	3.666666667	14	5	13	10.66666667	0	4	2.67	23	2
56	BP	30	0	BP0	40.5	201.5	97	113	0	25	2	9	3	11	3	5.666666667	18	8	8	11.33333333	1	3	0.67	39.5	5
56	BM	31	0	BM0	34	36	168	79.33333333	25	9	22	18.66666667	0	0	4	1.333333333	8	34	13	18.33333333	0	2	3.15	42	3
56	BM	32	1	BM1	119	49.5	43	70.5	9	20	5	11.33333333	0	0	0	0	13	14	21	16	0	1	5.4	36	2
56	BM	33	1	BM1	46.5	76	59.5	60.66666667	9	7	15	10.33333333	1	0	2	1	23	21	8	17.33333333	2	4	5.7	41	2
56	BM	34	2	BM2	30	42	73.5	48.5	22	25	15	20.66666667	0	0	0	0	40	19	30	29.66666667	0	2	3.13	30	3
56	BM	35	2	BM2	66	38	70	58	25	12	24	20.33333333	0	0	0	0	10	11	1	7.333333333	0	1	3.1	29	2
56	BM	36	3	BM3	40	57.5	34.5	44	21	11	19	17	3	8	0	3.666666667	28	18	14	20	0	1	2.6	58	1
56	BM	37	3	BM3	82	50	87	73	6	22	12	13.33333333	1	0	0	0.333333333	10	15	15	13.33333333	0	2	1.69	47.1	4
56	BM	38	4	BM4	92.5	33	96.5	74	7	3	5	5	0	0	0	0	11	18	6	11.66666667	1	4	5.64	28	2
56	BM	39	4	BM4	71	94.5	33.5	66.33333333	25	9	2	12	2	0	2	1.333333333	13	17	10	13.33333333	0	0	1.5	22	4
56	BM	40	0	BM0	50.5	94.5	74.5	73.16666667	3	24	10	12.33333333	0	0	0	0	23	5	11	13	0	2	1	43	3
56	C	41	0	C0	264.5	187	173.5	208.3333333	17	0	18	11.66666667	0	2	0	0.666666667	8	5	6	6.333333333	0	3	1.8	22.5	1
56	C	42	1	C1	323.5	179.5	308	270.3333333	5	4	6	5	4	5	0	3	9	19	12	13.33333333	2	3	4.22	23.5	4
56	C	43	1	C1	343.5	276.5	212	277.3333333	12	2	0	4.666666667	0	15	18	11	12	12	8	10.66666667	0	3	1.8	23.5	4
56	C	44	2	C2	490.5	530	71.5	364	0	24	0	8	20	20	9	16.33333333	17	8	15	13.33333333	0	3	2.6	34	5
56	C	45	2	C2	394.5	227	290.5	304	13	22	0	11.66666667	12	12	14	12.66666667	8	4	13	8.333333333	0	3	2.7	20.2	5
56	C	46	3	C3	252.5	193.5	182	209.3333333	24	25	3	17.33333333	0	0	11	3.666666667	8	5	25	12.66666667	3	6	2.7	22.1	4
56	C	47	3	C3	321.5	259.5	128	236.3333333	0	25	11	12	1	6	2	3	11	13	15	13	5	2	3.06	26.2	6
56	C	48	4	C4	102	333.5	354	263.1666667	25	0	0	8.333333333	4	23	11	12.66666667	9	10	13	10.66666667	0	3	1	33.3	5
56	C	49	4	C4	378	178	261.5	272.5	16	14	1	10.33333333	0	3	5	2.666666667	11	9	20	13.33333333	0	3	5.3	56.5	3
56	C	50	0	C0	243.5	280.5	171	231.6666667	24	23	9	18.66666667	0	0	1	0.333333333	14	14	15	14.33333333	2	1	0.75	48	3
57	BT	1	0	BT0	50.5	23.5	49	41	5	5	5	5	0	0	0	0	5	14	18	12.33333333	0	2	8.58	36	1
57	BT	2	1	BT1	33.5	40	130	67.83333333	17	3	13	11	0	0	0	0	14	16	6	12	0	3	6.65	30.6	1
57	BT	3	1	BT1	50.5	124.5	59	78	13	6	6	8.333333333	0	0	0	0	6	15	25	15.33333333	0	1	6.15	24.6	1
57	BT	4	2	BT2	75.5	52	115	80.83333333	15	10	2	9	0	0	0	0	28	6	16	16.66666667	1	0	5.82	30.8	2
57	BT	5	2	BT2	36	19	13	22.66666667	9	18	23	16.66666667	0	0	0	0	18	11	8	12.33333333	0	1	4.46	24	0
57	BT	6	3	BT3	33.5	44	65	47.5	7	14	9	10	0	0	0	0	15	10	13	12.66666667	0	1	5.13	26	1
57	BT	7	3	BT3	68	43	73	61.33333333	3	7	2	4	0	0	0	0	8	8	17	11	0	2	3.73	35	0
57	BT	8	4	BT4	46.5	57	64	55.83333333	4	4	2	3.333333333	0	0	0	0	5	13	19	12.33333333	0	1	3.15	20.4	1
57	BT	9	4	BT4	251.5	112	25	129.5	9	0	7	5.333333333	0	4	0	1.333333333	12	12	6	10	2	4	8.65	30.4	4
57	BT	10	0	BT0	29	19.5	59.5	36	9	11	6	8.666666667	0	0	0	0	24	14	11	16.33333333	0	1	13.01	20	2
57	Q	11	0	Q0	77.5	36.5	28	47.33333333	10	16	4	10	2	0	0	0.666666667	14	13	18	15	0	1	1.04	35.6	3
57	Q	12	1	Q1	68	100.5	151.5	106.6666667	3	6	13	7.333333333	0	0	0	0	14	22	28	21.33333333	0	2	4.41	24	1
57	Q	13	1	Q1	90	39.5	117	82.16666667	0	14	10	8	4	0	1	1.666666667	17	29	14	20	0	1	4.05	25	0
57	Q	14	2	Q2	93.5	70.5	56.5	73.5	13	10	11	11.33333333	0	0	0	0	16	20	12	16	2	2	3.24	33.6	1
57	Q	15	2	Q2	39.5	49	28	38.83333333	20	12	5	12.33333333	0	0	0	0	25	16	13	18	0	1	1.75	34.6	0
57	Q	16	3	Q3	22.5	31	151.5	68.33333333	7	15	14	12	0	0	0	0	10	10	9	9.666666667	0	2	1.82	23	2
57	Q	17	3	Q3	202	115.5	107	141.5	2	1	0	1	12	0	5	5.666666667	14	20	16	16.66666667	0	1	2.41	34	1
57	Q	18	4	Q4	99.5	40	57	65.5	4	6	13	7.666666667	0	0	0	0	40	28	19	29	0	0	2.78	32	0
57	Q	19	4	Q4	23.5	63.5	46	44.33333333	15	11	10	12	0	0	0	0	31	29	12	24	0	1	5.66	34	1
57	Q	20	0	Q0	111	74.5	191	125.5	0	17	10	9	0	0	0	0	8	13	19	13.33333333	0	2	3.05	25	4
57	BP	21	0	BP0	97.5	178.5	134.5	136.8333333	14	16	6	12	0	0	4	1.333333333	24	18	18	20	0	2	2.4	27	2
57	BP	22	1	BP1	258.5	148.5	112.5	173.1666667	2	10	4	5.333333333	0	3	0	1	11	1	23	11.66666667	0	3	2.57	24	4
57	BP	23	1	BP1	148.5	88	256.5	164.3333333	1	21	1	7.666666667	0	1	0	0.333333333	11	17	9	12.33333333	3	3	1.1	22	2
57	BP	24	2	BP2	41	114	236	130.3333333	1	4	17	7.333333333	7	0	0	2.333333333	13	9	24	15.33333333	0	3	5.21	25	1
57	BP	25	2	BP2	281.5	126	64.5	157.3333333	25	25	0	16.66666667	0	8	4	4	7	15	12	11.33333333	0	4	2.82	20	2
57	BP	26	3	BP3	38	43	97	59.33333333	25	22	19	22	0	0	0	0	14	13	11	12.66666667	0	1	2.95	21	5
57	BP	27	3	BP3	62	80.5	52	64.83333333	25	23	19	22.33333333	0	10	1	3.666666667	9	7	14	10	1	1	3.45	22	2
57	BP	28	4	BP4	94.5	204.5	186	161.6666667	10	17	11	12.66666667	0	5	14	6.333333333	7	9	9	8.333333333	1	6	3.65	38	0
57	BP	29	4	BP4	77.5	69	246.5	131	17	2	24	14.33333333	1	4	1	2	14	4	8	8.666666667	0	5	3.95	36	1
57	BP	30	0	BP0	78	243.5	95.5	139	11	0	25	12	0	0	11	3.666666667	11	13	11	11.66666667	1	2	0.63	40	7
57	BM	31	0	BM0	78	48.5	13	46.5	13	14	18	15	0	1	0	0.333333333	11	12	17	13.33333333	1	3	3.29	71	3
57	BM	32	1	BM1	11	19.5	44	24.83333333	18	3	3	8	0	0	0	0	18	17	17	17.33333333	0	1	5.27	67	2
57	BM	33	1	BM1	24	54	44	40.66666667	13	24	22	19.66666667	2	0	0	0.666666667	18	27	16	20.33333333	1	5	5.76	65.8	2
57	BM	34	2	BM2	36.5	28	18.5	27.66666667	23	15	15	17.66666667	0	9	25	11.33333333	25	17	13	18.33333333	3	4	2.2	22.8	2
57	BM	35	2	BM2	9.5	44.5	45	33	24	24	23	23.66666667	0	0	0	0	6	23	22	17	0	1	3.09	30	2
57	BM	36	3	BM3	70.5	80	60	70.16666667	18	14	21	17.66666667	6	0	0	2	20	22	22	21.33333333	0	0	2.59	54	0
57	BM	37	3	BM3	16.5	37	39	30.83333333	19	0	14	11	1	4	0	1.666666667	12	16	18	15.33333333	0	1	1.97	48.4	5
57	BM	38	4	BM4	16	26	19	20.33333333	15	15	3	11	2	0	0	0.666666667	11	14	21	15.33333333	1	3	5.72	23.6	2
57	BM	39	4	BM4	0	76	33	36.33333333	2	21	19	14	0	0	2	0.666666667	37	14	22	24.33333333	1	1	1.48	21.4	1
57	BM	40	0	BM0	30	138.5	16.5	61.66666667	25	22	15	20.66666667	0	0	0	0	6	13	13	10.66666667	0	2	1.1	49	1
57	C	41	0	C0	149	277	258.5	228.1666667	6	1	1	2.666666667	0	0	5	1.666666667	18	8	10	12	1	2	1.79	21.2	0
57	C	42	1	C1	435.5	248	231	304.8333333	14	0	4	6	0	9	2	3.666666667	17	20	11	16	1	4	4.3	21.4	4
57	C	43	1	C1	170.5	245.5	186	200.6666667	21	8	10	13	2	1	7	3.333333333	10	10	14	11.33333333	0	1	1.75	23	2
57	C	44	2	C2	513.5	198	306.5	339.3333333	21	7	9	12.33333333	12	2	0	4.666666667	12	9	9	10	2	2	1.95	20	5
57	C	45	2	C2	360.5	306	244.5	303.6666667	0	9	3	4	23	5	3	10.33333333	7	11	9	9	0	2	2.75	21.2	4
57	C	46	3	C3	34	96.5	69.5	66.66666667	25	25	25	25	0	7	0	2.333333333	8	8	8	8	0	5	3.1	21	1
57	C	47	3	C3	124.5	235	378	245.8333333	21	0	9	10	0	3	2	1.666666667	6	15	11	10.66666667	3	2	3.08	32.2	3
57	C	48	4	C4	154	309	139.5	200.8333333	13	16	13	14	0	2	8	3.333333333	14	17	8	13	1	5	1	25	3
57	C	49	4	C4	333.5	298.5	188	273.3333333	9	25	5	13	0	4	0	1.333333333	16	7	9	10.66666667	0	2	5.43	57	4
57	C	50	0	C0	233.5	109.5	138	160.3333333	16	17	14	15.66666667	11	0	20	10.33333333	11	16	13	13.33333333	2	1	0.8	48	3
58	BT	1	0	BT0	24.5	27	60.5	37.33333333	18	11	4	11	0	0	0	0	13	15	12	13.33333333	0	0	9.05	26	1
58	BT	2	1	BT1	31.5	26.5	65	41	6	13	7	8.666666667	0	0	0	0	4	9	12	8.333333333	0	3	6.7	30	1
58	BT	3	1	BT1	26.5	42	108.5	59	4	22	1	9	0	0	0	0	19	5	11	11.66666667	0	1	6.08	23	1
58	BT	4	2	BT2	31.5	74	72.5	59.33333333	6	11	22	13	0	0	0	0	28	22	7	19	0	0	5.78	21.4	0
58	BT	5	2	BT2	21.5	38.5	15.5	25.16666667	11	22	8	13.66666667	0	0	0	0	17	15	4	12	0	2	4.47	21.6	1
58	BT	6	3	BT3	82	47.5	66	65.16666667	16	6	11	11	0	0	0	0	12	20	23	18.33333333	1	1	8	35	1
58	BT	7	3	BT3	25.5	18.5	36.5	26.83333333	12	12	14	12.66666667	0	0	9	3	18	18	12	16	0	3	3.8	47	0
58	BT	8	4	BT4	24.5	16	20.5	20.33333333	20	18	3	13.66666667	0	0	0	0	20	10	5	11.66666667	0	2	7.95	32	2
58	BT	9	4	BT4	33	28.5	58.5	40	5	7	11	7.666666667	2	0	0	0.666666667	20	28	19	22.33333333	2	4	8.6	29	2
58	BT	10	0	BT0	31.5	68	50	49.83333333	8	1	6	5	0	0	0	0	22	22	18	20.66666667	0	0	15.97	34	2
58	Q	11	0	Q0	98	93	83	91.33333333	4	6	1	3.666666667	0	0	11	3.666666667	27	18	28	24.33333333	0	1	1.05	41	4
58	Q	12	1	Q1	145	156.5	51	117.5	16	3	1	6.666666667	0	0	0	0	23	19	22	21.33333333	0	4	4.43	29	3
58	Q	13	1	Q1	47	146.5	122	105.1666667	17	2	8	9	0	0	0	0	15	18	17	16.66666667	0	1	3.9	23	0
58	Q	14	2	Q2	60	59.5	172.5	97.33333333	0	13	1	4.666666667	0	0	0	0	44	15	18	25.66666667	1	2	3	28	1
58	Q	15	2	Q2	53	20	110.5	61.16666667	13	20	0	11	0	0	0	0	23	11	21	18.33333333	0	0	1.7	34	0
58	Q	16	3	Q3	133	111	82	108.6666667	5	6	7	6	0	0	0	0	12	26	9	15.66666667	0	4	1.6	28	2
58	Q	17	3	Q3	176.5	84.5	115	125.3333333	5	7	15	9	0	4	0	1.333333333	16	18	17	17	1	2	2.3	42	2
58	Q	18	4	Q4	167.5	77	56	100.1666667	2	14	16	10.66666667	0	0	0	0	27	13	26	22	0	0	2.7	34	0
58	Q	19	4	Q4	86	42	90	72.66666667	12	2	9	7.666666667	0	0	0	0	14	27	12	17.66666667	0	2	5.8	30	2
58	Q	20	0	Q0	119.5	253.5	56.5	143.1666667	11	8	1	6.666666667	0	0	2	0.666666667	5	17	12	11.33333333	0	2	1.7	20	3
58	BP	21	0	BP0	144	116	326.5	195.5	9	8	3	6.666666667	0	1	2	1	14	9	13	12	1	0	2.6	27	3
58	BP	22	1	BP1	235.5	50	138	141.1666667	5	7	14	8.666666667	3	0	0	1	16	7	9	10.66666667	1	2	3.6	24	5
58	BP	23	1	BP1	90	106	186.5	127.5	5	9	18	10.66666667	0	0	0	0	13	7	12	10.66666667	2	3	1.2	30.4	3
58	BP	24	2	BP2	88.5	79	80.5	82.66666667	15	17	12	14.66666667	0	0	0	0	14	11	14	13	1	1	5.25	24	0
58	BP	25	2	BP2	302.5	262.5	107	224	3	3	22	9.333333333	1	0	1	0.666666667	12	3	17	10.66666667	1	2	2.75	20	0
58	BP	26	3	BP3	141	200.5	148	163.1666667	4	15	24	14.33333333	0	0	0	0	4	25	9	12.66666667	0	2	2.94	22	3
58	BP	27	3	BP3	41	48	112	67	25	25	17	22.33333333	1	0	0	0.333333333	11	15	14	13.33333333	0	2	3.4	23	1
58	BP	28	4	BP4	301.5	251.5	190	247.6666667	5	6	5	5.333333333	3	6	10	6.333333333	3	12	7	7.333333333	2	2	3.46	37	2
58	BP	29	4	BP4	251.5	113	260	208.1666667	2	15	17	11.33333333	14	0	0	4.666666667	3	12	7	7.333333333	0	4	2.86	20.6	2
58	BP	30	0	BP0	273	138	38.5	149.8333333	5	21	14	13.33333333	0	0	2	0.666666667	16	10	5	10.33333333	2	1	0.67	40	4
58	BM	31	0	BM0	81.5	59.5	127	89.33333333	7	20	20	15.66666667	4	0	0	1.333333333	19	13	21	17.66666667	0	4	3.25	42	3
58	BM	32	1	BM1	32	52.5	42	42.16666667	14	23	21	19.33333333	0	0	0	0	16	19	19	18	0	1	5.28	38	2
58	BM	33	1	BM1	35	64.5	124	74.5	16	22	21	19.66666667	0	0	0	0	24	20	21	21.66666667	1	3	5.7	39	2
58	BM	34	2	BM2	86.5	98.5	102	95.66666667	13	22	5	13.33333333	0	14	10	8	6	18	18	14	2	2	2.25	24	2
58	BM	35	2	BM2	57.5	113	114	94.83333333	7	20	19	15.33333333	0	0	0	0	6	12	12	10	0	1	2.93	29	3
58	BM	36	3	BM3	107.5	39.5	105.5	84.16666667	7	6	15	9.333333333	0	7	0	2.333333333	15	14	11	13.33333333	0	0	2.53	56	2
58	BM	37	3	BM3	67	81	173	107	3	7	1	3.666666667	0	2	0	0.666666667	13	13	23	16.33333333	1	1	1.7	44	6
58	BM	38	4	BM4	24.5	30	71.5	42	22	9	16	15.66666667	0	0	0	0	7	13	19	13	1	1	5.64	25	3
58	BM	39	4	BM4	85	82.5	118.5	95.33333333	11	2	4	5.666666667	0	0	6	2	18	14	10	14	1	2	1.43	23	2
58	BM	40	0	BM0	143	83	118	114.6666667	21	17	0	12.66666667	0	0	2	0.666666667	17	23	12	17.33333333	0	2	1.03	42	1
58	C	41	0	C0	223.5	358	151.5	244.3333333	0	23	10	11	1	0	0	0.333333333	6	10	18	11.33333333	1	5	1.77	22	0
58	C	42	1	C1	327.5	294.5	47	223	2	8	24	11.33333333	6	6	0	4	18	8	17	14.33333333	1	3	4.45	25	2
58	C	43	1	C1	324	262.5	489	358.5	2	16	0	6	4	2	2	2.666666667	9	8	9	8.666666667	2	1	2.5	23	1
58	C	44	2	C2	242.5	79.5	327.5	216.5	21	9	3	11	0	3	0	1	16	8	10	11.33333333	1	2	1.02	21	3
58	C	45	2	C2	186.5	358.5	497	347.3333333	0	0	14	4.666666667	12	15	3	10	12	8	7	9	0	2	2.12	22	3
58	C	46	3	C3	67	54	75.5	65.5	1	25	25	17	0	0	0	0	14	5	8	9	1	6	3	22	2
58	C	47	3	C3	164.5	308.5	324.5	265.8333333	6	25	2	11	0	3	0	1	9	11	13	11	3	2	3	34	3
58	C	48	4	C4	317	241	219.5	259.1666667	12	0	5	5.666666667	11	14	6	10.33333333	12	13	22	15.66666667	0	3	1.05	27	3
58	C	49	4	C4	240.5	124.5	194.5	186.5	0	16	20	12	0	22	10	10.66666667	15	23	19	19	0	2	5.47	58	1
58	C	50	0	C0	128	208.5	287.5	208	20	1	22	14.33333333	0	20	1	7	23	16	12	17	1	1	0.71	49	3
